Timestamp WorkflowId PeakValueRss1 PeakValueRss2 PeakValueRss3 PeakValueRss4 PeakValueRss5 PeakValueRss6 PeakValueRss7 PeakValueRss8 PeakValueRss9 PeakValueVsize1 PeakValueVsize2 PeakValueVsize3 PeakValueVsize4 PeakValueVsize5 PeakValueVsize6 PeakValueVsize7 PeakValueVsize8 PeakValueVsize9 TotalJobCPU1 TotalJobCPU2 TotalJobCPU3 TotalJobCPU4 TotalJobCPU5 TotalJobCPU6 TotalJobCPU7 TotalJobCPU8 TotalJobCPU9 TotalJobTime1 TotalJobTime2 TotalJobTime3 TotalJobTime4 TotalJobTime5 TotalJobTime6 TotalJobTime7 TotalJobTime8 TotalJobTime9
1541890800.0 1.0 82 93 171 NA NA NA NA NA NA 169 362 283 NA NA NA NA NA NA 1816 564 979 NA NA NA NA NA NA 1509 483 1559 NA NA NA NA NA NA
1541890800.0 10.0 NA 125 283 0 NA NA NA NA NA NA 371 382 0 NA NA NA NA NA NA 2285 3192 538 NA NA NA NA NA NA 3145 2506 915 NA NA NA NA NA
1541890800.0 1000.0 NA 278 152 0 46 NA NA NA NA NA 364 243 0 91 NA NA NA NA NA 2505 1093 645 431 NA NA NA NA NA 2478 3198 927 1212 NA NA NA NA
1541890800.0 10001.0 NA 129 346 72 0 NA NA NA NA NA 388 471 113 0 NA NA NA NA NA 521 1914 417 1342 NA NA NA NA NA 571 3298 536 1590 NA NA NA NA
1541890800.0 10002.0 NA 131 342 66 0 NA NA NA NA NA 388 445 113 0 NA NA NA NA NA 557 1935 420 1334 NA NA NA NA NA 712 2691 893 1513 NA NA NA NA
1541890800.0 10003.0 NA 129 344 65 0 NA NA NA NA NA 380 470 113 0 NA NA NA NA NA 555 1974 308 1328 NA NA NA NA NA 1023 3165 974 1513 NA NA NA NA
1541890800.0 10004.0 NA 128 343 70 0 NA NA NA NA NA 388 473 112 0 NA NA NA NA NA 520 1916 293 1323 NA NA NA NA NA 539 2865 501 1450 NA NA NA NA
1541890800.0 10005.0 NA 127 347 76 0 NA NA NA NA NA 388 468 113 0 NA NA NA NA NA 515 1941 295 1329 NA NA NA NA NA 553 2473 587 1508 NA NA NA NA
1541890800.0 10006.0 NA 129 340 67 0 NA NA NA NA NA 381 458 113 0 NA NA NA NA NA 535 1898 300 1336 NA NA NA NA NA 569 2612 530 1799 NA NA NA NA
1541890800.0 10007.0 NA 131 345 68 0 NA NA NA NA NA 388 454 113 0 NA NA NA NA NA 548 1935 423 1348 NA NA NA NA NA 577 2887 481 1825 NA NA NA NA
1541890800.0 10008.0 NA 129 344 65 0 NA NA NA NA NA 388 450 113 0 NA NA NA NA NA 553 1967 440 1343 NA NA NA NA NA 760 2815 784 1495 NA NA NA NA
1541890800.0 10009.0 NA 129 341 68 0 NA NA NA NA NA 380 454 113 0 NA NA NA NA NA 637 1985 423 1346 NA NA NA NA NA 718 2852 807 1490 NA NA NA NA
1541890800.0 1001.0 NA 239 117 0 0 0 0 0 0 NA 323 159 0 0 0 0 0 0 NA 2292 675 68 121 260 116 330 93 NA 1835 1439 189 283 530 220 525 710
1541890800.0 1001.2 NA 352 129 0 NA NA NA NA NA NA 542 179 0 NA NA NA NA NA NA 14018 1945 81 NA NA NA NA NA NA 5585 1803 187 NA NA NA NA NA
1541890800.0 1002.0 NA 278 69 NA NA NA NA NA NA NA 369 124 NA NA NA NA NA NA NA 5584 403 NA NA NA NA NA NA NA 6521 440 NA NA NA NA NA NA
1541890800.0 10023.0 NA 129 340 69 0 NA NA NA NA NA 389 446 112 0 NA NA NA NA NA 544 1918 299 1350 NA NA NA NA NA 635 2896 819 1725 NA NA NA NA
1541890800.0 10024.0 NA 144 361 76 0 NA NA NA NA NA 385 471 115 0 NA NA NA NA NA 779 2222 419 1375 NA NA NA NA NA 784 3203 573 1893 NA NA NA NA
1541890800.0 10024.1 NA 136 179 0 NA NA NA NA NA NA 389 261 0 NA NA NA NA NA NA 747 874 365 NA NA NA NA NA NA 1073 1304 480 NA NA NA NA NA
1541890800.0 10024.2 NA 144 364 0 NA NA NA NA NA NA 381 473 0 NA NA NA NA NA NA 621 2160 1349 NA NA NA NA NA NA 540 2913 1647 NA NA NA NA NA
1541890800.0 10024.3 NA 141 172 0 NA NA NA NA NA NA 389 253 0 NA NA NA NA NA NA 653 853 320 NA NA NA NA NA NA 575 1188 428 NA NA NA NA NA
1541890800.0 10024.4 NA 141 358 0 NA NA NA NA NA NA 388 471 0 NA NA NA NA NA NA 704 2141 1332 NA NA NA NA NA NA 1154 2422 1491 NA NA NA NA NA
1541890800.0 10024.5 NA 143 83 0 NA NA NA NA NA NA 389 172 0 NA NA NA NA NA NA 699 546 219 NA NA NA NA NA NA 666 1594 445 NA NA NA NA NA
1541890800.0 10025.0 NA 132 351 73 0 NA NA NA NA NA 389 462 113 0 NA NA NA NA NA 621 2025 418 1348 NA NA NA NA NA 2721 2984 523 1480 NA NA NA NA
1541890800.0 10026.0 NA 145 370 73 0 NA NA NA NA NA 389 489 114 0 NA NA NA NA NA 763 2448 457 1383 NA NA NA NA NA 1034 2525 825 1593 NA NA NA NA
1541890800.0 1003.0 NA 242 0 NA NA NA NA NA NA NA 317 0 NA NA NA NA NA NA NA 2965 490 NA NA NA NA NA NA NA 2697 595 NA NA NA NA NA NA
1541890800.0 1004.0 NA 206 89 0 0 0 0 NA NA NA 294 141 0 0 0 0 NA NA NA 946 310 69 106 256 374 NA NA NA 1672 626 473 591 360 922 NA NA
1541890800.0 10042.0 NA 136 351 66 0 NA NA NA NA NA 388 473 114 0 NA NA NA NA NA 585 2005 407 1368 NA NA NA NA NA 609 2867 546 1697 NA NA NA NA
1541890800.0 10059.0 NA 145 368 68 0 NA NA NA NA NA 389 490 114 0 NA NA NA NA NA 2069 2716 419 1371 NA NA NA NA NA 2690 3514 1049 1565 NA NA NA NA
1541890800.0 10071.0 NA 140 356 70 0 NA NA NA NA NA 388 478 114 0 NA NA NA NA NA 596 2183 454 1383 NA NA NA NA NA 687 3056 936 1938 NA NA NA NA
1541890800.0 101.0 84 NA NA NA NA NA NA NA NA 148 NA NA NA NA NA NA NA NA 819 NA NA NA NA NA NA NA NA 1075 NA NA NA NA NA NA NA NA
1541890800.0 1010.0 NA 23 35 0 NA NA NA NA NA NA 73 87 0 NA NA NA NA NA NA 109 181 123 NA NA NA NA NA NA 625 696 419 NA NA NA NA NA
1541890800.0 102.0 84 NA NA NA NA NA NA NA NA 148 NA NA NA NA NA NA NA NA 717 NA NA NA NA NA NA NA NA 819 NA NA NA NA NA NA NA NA
1541890800.0 1020.0 NA 41 19 0 36 NA NA NA NA NA 109 62 0 113 NA NA NA NA NA 223 93 66 243 NA NA NA NA NA 825 505 718 663 NA NA NA NA
1541890800.0 10224.0 NA 291 611 0 NA NA NA NA NA NA 420 849 0 NA NA NA NA NA NA 2841 4648 1396 NA NA NA NA NA NA 6049 5112 1613 NA NA NA NA NA
1541890800.0 10225.0 NA 275 576 0 NA NA NA NA NA NA 421 820 0 NA NA NA NA NA NA 2477 9024 1167 NA NA NA NA NA NA 1941 14123 1284 NA NA NA NA NA
1541890800.0 103.0 70 89 247 NA NA NA NA NA NA 140 363 360 NA NA NA NA NA NA 1869 474 1280 NA NA NA NA NA NA 2171 976 1491 NA NA NA NA NA NA
1541890800.0 1030.0 NA 168 46 0 0 NA NA NA NA NA 312 87 0 0 NA NA NA NA NA 7853 271 63 63 NA NA NA NA NA 3846 590 583 463 NA NA NA NA
1541890800.0 1040.0 NA 320 29 0 NA NA NA NA NA NA 496 66 0 NA NA NA NA NA NA 15320 142 83 NA NA NA NA NA NA 6951 542 230 NA NA NA NA NA
1541890800.0 1040.1 NA 73 29 0 NA NA NA NA NA NA 129 66 0 NA NA NA NA NA NA 3326 123 68 NA NA NA NA NA NA 4302 451 773 NA NA NA NA NA
1541890800.0 10424.0 NA 146 359 0 NA NA NA NA NA NA 381 478 0 NA NA NA NA NA NA 573 1716 1154 NA NA NA NA NA NA 1197 2898 1361 NA NA NA NA NA
1541890800.0 105.0 84 94 28 NA NA NA NA NA NA 169 370 67 NA NA NA NA NA NA 1851 482 125 NA NA NA NA NA NA 878 389 276 NA NA NA NA NA NA
1541890800.0 106.0 44 0 0 NA NA NA NA NA NA 92 0 0 NA NA NA NA NA NA 419 251 1110 NA NA NA NA NA NA 916 370 1372 NA NA NA NA NA NA
1541890800.0 107.0 100 98 258 NA NA NA NA NA NA 193 370 361 NA NA NA NA NA NA 2899 528 1371 NA NA NA NA NA NA 1868 890 1484 NA NA NA NA NA NA
1541890800.0 108.0 98 99 267 NA NA NA NA NA NA 187 363 358 NA NA NA NA NA NA 4056 511 1520 NA NA NA NA NA NA 2377 594 1745 NA NA NA NA NA NA
1541890800.0 10801.0 NA 236 375 76 0 NA NA NA NA NA 472 493 126 0 NA NA NA NA NA 1477 1685 473 2005 NA NA NA NA NA 1944 2413 773 2842 NA NA NA NA
1541890800.0 10802.0 NA 232 384 75 0 NA NA NA NA NA 470 503 127 0 NA NA NA NA NA 1503 1703 454 1983 NA NA NA NA NA 1784 2275 475 2119 NA NA NA NA
1541890800.0 10803.0 NA 232 377 79 0 NA NA NA NA NA 478 524 125 0 NA NA NA NA NA 1542 1733 495 1948 NA NA NA NA NA 1960 2239 745 2086 NA NA NA NA
1541890800.0 10804.0 NA 218 373 76 0 NA NA NA NA NA 479 523 126 0 NA NA NA NA NA 1460 1669 459 1955 NA NA NA NA NA 1948 2321 565 2052 NA NA NA NA
1541890800.0 10805.0 NA 222 376 78 0 NA NA NA NA NA 482 498 126 0 NA NA NA NA NA 1526 1687 490 1988 NA NA NA NA NA 1994 3351 799 2122 NA NA NA NA
1541890800.0 10806.0 NA 242 376 75 0 NA NA NA NA NA 484 495 126 0 NA NA NA NA NA 1394 1697 360 1963 NA NA NA NA NA 1952 2446 467 2284 NA NA NA NA
1541890800.0 10807.0 NA 217 379 85 0 NA NA NA NA NA 469 496 137 0 NA NA NA NA NA 1489 1706 382 1922 NA NA NA NA NA 1778 2537 506 2061 NA NA NA NA
1541890800.0 10808.0 NA 233 386 86 0 NA NA NA NA NA 468 501 136 0 NA NA NA NA NA 1512 1740 381 1965 NA NA NA NA NA 1834 2300 1117 2083 NA NA NA NA
1541890800.0 10809.0 NA 223 379 86 0 NA NA NA NA NA 475 519 137 0 NA NA NA NA NA 1501 1750 395 1985 NA NA NA NA NA 2024 2724 720 2466 NA NA NA NA
1541890800.0 10823.0 NA 223 378 75 0 NA NA NA NA NA 493 492 126 0 NA NA NA NA NA 1505 1688 447 1978 NA NA NA NA NA 1939 2925 577 2314 NA NA NA NA
1541890800.0 10824.0 NA 242 395 90 0 NA NA NA NA NA 484 507 137 0 NA NA NA NA NA 1625 1933 401 2014 NA NA NA NA NA 1907 2747 830 2337 NA NA NA NA
1541890800.0 10824.1 NA 259 185 0 NA NA NA NA NA NA 476 276 0 NA NA NA NA NA NA 1605 774 299 NA NA NA NA NA NA 1713 963 399 NA NA NA NA NA
1541890800.0 10824.5 NA 249 105 0 NA NA NA NA NA NA 482 187 0 NA NA NA NA NA NA 1613 483 119 NA NA NA NA NA NA 1807 852 193 NA NA NA NA NA
1541890800.0 10824.6 NA 259 396 87 0 NA NA NA NA NA 485 516 136 0 NA NA NA NA NA 1588 1927 394 2025 NA NA NA NA NA 2220 3325 703 2348 NA NA NA NA
1541890800.0 10825.0 NA 226 389 90 0 NA NA NA NA NA 483 501 137 0 NA NA NA NA NA 1543 1807 405 2006 NA NA NA NA NA 3800 3135 644 2186 NA NA NA NA
1541890800.0 10826.0 NA 251 403 86 0 NA NA NA NA NA 488 500 136 0 NA NA NA NA NA 1725 2232 422 2011 NA NA NA NA NA 2153 3527 679 2206 NA NA NA NA
1541890800.0 10842.0 NA 228 385 86 0 NA NA NA NA NA 484 522 137 0 NA NA NA NA NA 1602 1842 390 2007 NA NA NA NA NA 1984 3165 690 2360 NA NA NA NA
1541890800.0 10859.0 NA 253 395 86 0 NA NA NA NA NA 485 514 137 0 NA NA NA NA NA 1688 2443 408 2020 NA NA NA NA NA 2024 2526 685 2305 NA NA NA NA
1541890800.0 10871.0 NA 253 397 89 0 NA NA NA NA NA 477 514 135 0 NA NA NA NA NA 1602 1971 519 2019 NA NA NA NA NA 2352 3235 735 2199 NA NA NA NA
1541890800.0 109.0 97 99 266 NA NA NA NA NA NA 193 363 374 NA NA NA NA NA NA 3249 558 1450 NA NA NA NA NA NA 1951 670 1606 NA NA NA NA NA NA
1541890800.0 11.0 NA 117 282 0 57 NA NA NA NA NA 379 367 0 104 NA NA NA NA NA 1776 1530 636 361 NA NA NA NA NA 1008 1765 1376 748 NA NA NA NA
1541890800.0 110.0 62 90 253 NA NA NA NA NA NA 119 370 355 NA NA NA NA NA NA 1025 428 1310 NA NA NA NA NA NA 1222 416 1669 NA NA NA NA NA NA
1541890800.0 1102.0 NA 124 300 142 82 NA NA NA NA NA 378 390 210 166 NA NA NA NA NA 2505 4293 1691 366 NA NA NA NA NA 2317 2520 894 277 NA NA NA NA
1541890800.0 11024.0 NA 466 740 0 NA NA NA NA NA NA 651 1022 0 NA NA NA NA NA NA 5095 5350 2033 NA NA NA NA NA NA 13412 10473 2230 NA NA NA NA NA
1541890800.0 11024.6 NA 450 754 0 NA NA NA NA NA NA 645 991 0 NA NA NA NA NA NA 5088 5152 2023 NA NA NA NA NA NA 5344 2992 2331 NA NA NA NA NA
1541890800.0 11025.0 NA 466 740 0 NA NA NA NA NA NA 638 980 0 NA NA NA NA NA NA 5052 5176 2053 NA NA NA NA NA NA 7602 6477 3111 NA NA NA NA NA
1541890800.0 111.0 84 94 258 NA NA NA NA NA NA 164 371 356 NA NA NA NA NA NA 1596 499 1314 NA NA NA NA NA NA 1099 447 1463 NA NA NA NA NA NA
1541890800.0 112.0 99 94 254 NA NA NA NA NA NA 187 363 354 NA NA NA NA NA NA 2661 499 1350 NA NA NA NA NA NA 1513 863 1713 NA NA NA NA NA NA
1541890800.0 11224.0 NA 253 393 0 NA NA NA NA NA NA 477 516 0 NA NA NA NA NA NA 1608 1938 2109 NA NA NA NA NA NA 2021 3542 2399 NA NA NA NA NA
1541890800.0 11224.6 NA 254 393 0 NA NA NA NA NA NA 485 502 0 NA NA NA NA NA NA 2897 1971 2009 NA NA NA NA NA NA 4338 3938 2939 NA NA NA NA NA
1541890800.0 113.0 105 96 254 NA NA NA NA NA NA 191 363 348 NA NA NA NA NA NA 2097 466 1359 NA NA NA NA NA NA 1488 503 1531 NA NA NA NA NA NA
1541890800.0 114.0 92 103 255 NA NA NA NA NA NA 188 363 367 NA NA NA NA NA NA 2632 494 1403 NA NA NA NA NA NA 1868 520 1588 NA NA NA NA NA NA
1541890800.0 115.0 99 99 258 NA NA NA NA NA NA 193 363 358 NA NA NA NA NA NA 2568 543 1394 NA NA NA NA NA NA 1766 513 1635 NA NA NA NA NA NA
1541890800.0 116.0 104 97 260 NA NA NA NA NA NA 197 370 360 NA NA NA NA NA NA 3315 501 1437 NA NA NA NA NA NA 2152 443 1697 NA NA NA NA NA NA
1541890800.0 11623.0 64 135 350 74 0 NA NA NA NA 113 379 463 112 0 NA NA NA NA 1394 672 1591 332 1225 NA NA NA NA 893 961 2214 370 1296 NA NA NA NA
1541890800.0 11624.0 69 138 362 66 0 NA NA NA NA 119 387 476 114 0 NA NA NA NA 3143 802 1826 261 1245 NA NA NA NA 1661 1331 2316 958 1332 NA NA NA NA
1541890800.0 11625.0 73 134 351 71 0 NA NA NA NA 115 386 468 112 0 NA NA NA NA 2071 760 1652 341 1248 NA NA NA NA 1320 1499 2068 388 1327 NA NA NA NA
1541890800.0 11626.0 75 153 364 76 0 NA NA NA NA 125 387 474 114 0 NA NA NA NA 5432 802 2101 258 1259 NA NA NA NA 2786 1084 2164 371 1392 NA NA NA NA
1541890800.0 11642.0 64 136 349 67 0 NA NA NA NA 112 387 494 113 0 NA NA NA NA 1389 737 1647 266 1249 NA NA NA NA 1076 1293 2246 1104 1331 NA NA NA NA
1541890800.0 117.0 101 97 264 NA NA NA NA NA NA 196 362 357 NA NA NA NA NA NA 3962 636 1449 NA NA NA NA NA NA 2625 870 1536 NA NA NA NA NA NA
1541890800.0 118.0 93 100 261 NA NA NA NA NA NA 187 363 361 NA NA NA NA NA NA 3723 525 1477 NA NA NA NA NA NA 2545 682 1754 NA NA NA NA NA NA
1541890800.0 119.0 101 103 252 NA NA NA NA NA NA 187 363 354 NA NA NA NA NA NA 2919 507 1360 NA NA NA NA NA NA 1820 493 1468 NA NA NA NA NA NA
1541890800.0 12.0 NA 126 278 0 NA NA NA NA NA NA 371 396 0 NA NA NA NA NA NA 2086 3157 586 NA NA NA NA NA NA 879 2585 747 NA NA NA NA NA
1541890800.0 120.0 65 96 246 NA NA NA NA NA NA 133 363 341 NA NA NA NA NA NA 858 432 1265 NA NA NA NA NA NA 1136 409 1462 NA NA NA NA NA NA
1541890800.0 12024.0 69 145 358 0 NA NA NA NA NA 120 379 477 0 NA NA NA NA NA 3268 752 1831 1255 NA NA NA NA NA 2046 869 2295 1602 NA NA NA NA NA
1541890800.0 121.0 106 105 262 NA NA NA NA NA NA 196 370 378 NA NA NA NA NA NA 3880 508 1475 NA NA NA NA NA NA 2552 421 1570 NA NA NA NA NA NA
1541890800.0 122.0 43 0 0 NA NA NA NA NA NA 93 0 0 NA NA NA NA NA NA 823 252 1218 NA NA NA NA NA NA 888 405 1928 NA NA NA NA NA NA
1541890800.0 123.1 285 NA NA NA NA NA NA NA NA 491 NA NA NA NA NA NA NA NA 1099 NA NA NA NA NA NA NA NA 965 NA NA NA NA NA NA NA NA
1541890800.0 123.2 307 NA NA NA NA NA NA NA NA 499 NA NA NA NA NA NA NA NA 1118 NA NA NA NA NA NA NA NA 1018 NA NA NA NA NA NA NA NA
1541890800.0 123.3 221 NA NA NA NA NA NA NA NA 490 NA NA NA NA NA NA NA NA 942 NA NA NA NA NA NA NA NA 1031 NA NA NA NA NA NA NA NA
1541890800.0 124.1 276 NA NA NA NA NA NA NA NA 494 NA NA NA NA NA NA NA NA 971 NA NA NA NA NA NA NA NA 1013 NA NA NA NA NA NA NA NA
1541890800.0 124.2 270 NA NA NA NA NA NA NA NA 488 NA NA NA NA NA NA NA NA 1186 NA NA NA NA NA NA NA NA 1374 NA NA NA NA NA NA NA NA
1541890800.0 124.4 267 NA NA NA NA NA NA NA NA 498 NA NA NA NA NA NA NA NA 1104 NA NA NA NA NA NA NA NA 1344 NA NA NA NA NA NA NA NA
1541890800.0 124.5 270 NA NA NA NA NA NA NA NA 498 NA NA NA NA NA NA NA NA 1023 NA NA NA NA NA NA NA NA 958 NA NA NA NA NA NA NA NA
1541890800.0 124.6 224 NA NA NA NA NA NA NA NA 490 NA NA NA NA NA NA NA NA 939 NA NA NA NA NA NA NA NA 967 NA NA NA NA NA NA NA NA
1541890800.0 125.0 104 95 258 NA NA NA NA NA NA 192 363 367 NA NA NA NA NA NA 3145 478 1393 NA NA NA NA NA NA 1883 598 1607 NA NA NA NA NA NA
1541890800.0 126.0 69 97 252 NA NA NA NA NA NA 144 363 354 NA NA NA NA NA NA 1309 421 1302 NA NA NA NA NA NA 1196 360 1468 NA NA NA NA NA NA
1541890800.0 127.0 64 93 253 NA NA NA NA NA NA 120 363 363 NA NA NA NA NA NA 1250 468 1302 NA NA NA NA NA NA 870 613 1520 NA NA NA NA NA NA
1541890800.0 128.0 61 89 246 NA NA NA NA NA NA 117 370 351 NA NA NA NA NA NA 603 480 1655 NA NA NA NA NA NA 1042 431 2673 NA NA NA NA NA NA
1541890800.0 129.0 61 87 246 NA NA NA NA NA NA 118 362 351 NA NA NA NA NA NA 1118 556 1783 NA NA NA NA NA NA 1292 906 2567 NA NA NA NA NA NA
1541890800.0 13.0 NA 100 270 0 NA NA NA NA NA NA 370 351 0 NA NA NA NA NA NA 448 1816 472 NA NA NA NA NA NA 884 2403 552 NA NA NA NA NA
1541890800.0 130.0 64 88 250 NA NA NA NA NA NA 126 370 364 NA NA NA NA NA NA 1095 505 1691 NA NA NA NA NA NA 846 712 2204 NA NA NA NA NA NA
1541890800.0 1301.0 86 121 185 NA NA NA NA NA NA 151 372 278 NA NA NA NA NA NA 1664 605 978 NA NA NA NA NA NA 1008 729 1404 NA NA NA NA NA NA
1541890800.0 1301.17 68 136 189 NA NA NA NA NA NA 127 372 357 NA NA NA NA NA NA 1332 587 1049 NA NA NA NA NA NA 1744 785 1760 NA NA NA NA NA NA
1541890800.0 1302.0 85 125 188 NA NA NA NA NA NA 157 380 292 NA NA NA NA NA NA 3392 685 1092 NA NA NA NA NA NA 1639 697 1380 NA NA NA NA NA NA
1541890800.0 1302.17 70 136 203 NA NA NA NA NA NA 133 380 326 NA NA NA NA NA NA 3641 723 1176 NA NA NA NA NA NA 2230 988 1509 NA NA NA NA NA NA
1541890800.0 1303.0 86 132 200 NA NA NA NA NA NA 156 380 286 NA NA NA NA NA NA 5984 549 1396 NA NA NA NA NA NA 3211 536 1435 NA NA NA NA NA NA
1541890800.0 1303.17 79 143 208 NA NA NA NA NA NA 145 380 335 NA NA NA NA NA NA 6037 565 1321 NA NA NA NA NA NA 4772 589 1654 NA NA NA NA NA NA
1541890800.0 1306.0 NA 119 316 0 NA NA NA NA NA NA 388 415 0 NA NA NA NA NA NA 580 1498 1020 NA NA NA NA NA NA 1234 2429 1569 NA NA NA NA NA
1541890800.0 1307.0 NA 116 172 45 0 NA NA NA NA NA 386 256 83 0 NA NA NA NA NA 570 602 164 356 NA NA NA NA NA 1560 1338 688 586 NA NA NA NA
1541890800.0 1308.0 NA 120 167 47 0 NA NA NA NA NA 386 237 83 0 NA NA NA NA NA 518 596 138 360 NA NA NA NA NA 937 842 475 1119 NA NA NA NA
1541890800.0 1309.0 NA 129 336 0 NA NA NA NA NA NA 388 444 0 NA NA NA NA NA NA 657 1804 814 NA NA NA NA NA NA 1253 2507 1193 NA NA NA NA NA
1541890800.0 131.0 67 89 265 NA NA NA NA NA NA 137 370 347 NA NA NA NA NA NA 1656 550 1748 NA NA NA NA NA NA 1196 813 2232 NA NA NA NA NA NA
1541890800.0 1310.0 NA 127 334 0 NA NA NA NA NA NA 380 428 0 NA NA NA NA NA NA 574 1690 1152 NA NA NA NA NA NA 958 2384 2269 NA NA NA NA NA
1541890800.0 1311.0 NA 121 285 0 66 NA NA NA NA NA 388 380 0 103 NA NA NA NA NA 561 1049 842 214 NA NA NA NA NA 1472 1283 1034 344 NA NA NA NA
1541890800.0 1312.0 NA 128 329 0 NA NA NA NA NA NA 388 429 0 NA NA NA NA NA NA 672 1769 816 NA NA NA NA NA NA 1400 2235 1154 NA NA NA NA NA
1541890800.0 1313.0 NA 129 337 0 NA NA NA NA NA NA 388 423 0 NA NA NA NA NA NA 555 1999 823 NA NA NA NA NA NA 1297 2922 1139 NA NA NA NA NA
1541890800.0 1314.0 NA 124 335 0 NA NA NA NA NA NA 380 423 0 NA NA NA NA NA NA 622 1655 793 NA NA NA NA NA NA 1244 2621 1071 NA NA NA NA NA
1541890800.0 1315.0 NA 115 323 0 NA NA NA NA NA NA 388 415 0 NA NA NA NA NA NA 578 1527 1084 NA NA NA NA NA NA 1188 2056 1649 NA NA NA NA NA
1541890800.0 1316.0 NA 119 324 0 NA NA NA NA NA NA 388 424 0 NA NA NA NA NA NA 581 1551 829 NA NA NA NA NA NA 8518 2073 1032 NA NA NA NA NA
1541890800.0 1317.0 NA 117 324 0 NA NA NA NA NA NA 380 429 0 NA NA NA NA NA NA 574 1554 1119 NA NA NA NA NA NA 1129 3303 2226 NA NA NA NA NA
1541890800.0 1318.0 NA 118 323 0 NA NA NA NA NA NA 388 422 0 NA NA NA NA NA NA 570 1531 774 NA NA NA NA NA NA 1356 1882 994 NA NA NA NA NA
1541890800.0 1319.0 NA 117 326 0 NA NA NA NA NA NA 388 412 0 NA NA NA NA NA NA 574 1533 831 NA NA NA NA NA NA 1325 2054 1055 NA NA NA NA NA
1541890800.0 132.0 101 100 258 NA NA NA NA NA NA 186 363 355 NA NA NA NA NA NA 3593 579 1796 NA NA NA NA NA NA 1701 513 2060 NA NA NA NA NA NA
1541890800.0 1320.0 NA 125 324 0 NA NA NA NA NA NA 388 436 0 NA NA NA NA NA NA 592 1567 807 NA NA NA NA NA NA 731 2289 1083 NA NA NA NA NA
1541890800.0 1321.0 NA 119 322 0 NA NA NA NA NA NA 380 430 0 NA NA NA NA NA NA 591 1591 772 NA NA NA NA NA NA 1350 3094 1148 NA NA NA NA NA
1541890800.0 1322.0 NA 124 330 0 NA NA NA NA NA NA 380 432 0 NA NA NA NA NA NA 499 1593 801 NA NA NA NA NA NA 857 2146 1040 NA NA NA NA NA
1541890800.0 1323.0 NA 123 319 0 NA NA NA NA NA NA 388 413 0 NA NA NA NA NA NA 464 1488 910 NA NA NA NA NA NA 686 2041 1028 NA NA NA NA NA
1541890800.0 1324.0 NA 131 341 0 NA NA NA NA NA NA 388 420 0 NA NA NA NA NA NA 603 1741 1083 NA NA NA NA NA NA 958 2726 1679 NA NA NA NA NA
1541890800.0 1325.0 NA 136 336 0 64 NA NA NA NA NA 388 431 0 111 NA NA NA NA NA 607 1803 823 346 NA NA NA NA NA 693 3158 1302 1348 NA NA NA NA
1541890800.0 1325.1 NA 136 152 0 NA NA NA NA NA NA 388 221 0 NA NA NA NA NA NA 655 713 269 NA NA NA NA NA NA 861 1462 521 NA NA NA NA NA
1541890800.0 1325.2 NA 128 332 0 NA NA NA NA NA NA 387 423 0 NA NA NA NA NA NA 630 1792 855 NA NA NA NA NA NA 1453 3181 1094 NA NA NA NA NA
1541890800.0 1325.3 NA 136 150 0 NA NA NA NA NA NA 388 217 0 NA NA NA NA NA NA 592 715 393 NA NA NA NA NA NA 738 1133 706 NA NA NA NA NA
1541890800.0 1325.4 NA 132 341 0 NA NA NA NA NA NA 388 426 0 NA NA NA NA NA NA 658 1731 819 NA NA NA NA NA NA 1153 2338 1150 NA NA NA NA NA
1541890800.0 1325.5 NA 163 0 NA NA NA NA NA NA NA 301 0 NA NA NA NA NA NA NA 1926 127 NA NA NA NA NA NA NA 2113 422 NA NA NA NA NA NA
1541890800.0 1325.51 NA 150 0 NA NA NA NA NA NA NA 218 0 NA NA NA NA NA NA NA 1484 128 NA NA NA NA NA NA NA 1579 265 NA NA NA NA NA NA
1541890800.0 1325.6 NA 106 NA NA NA NA NA NA NA NA 161 NA NA NA NA NA NA NA NA 2036 NA NA NA NA NA NA NA NA 3581 NA NA NA NA NA NA NA
1541890800.0 1325.7 NA 102 0 NA NA NA NA NA NA NA 159 0 NA NA NA NA NA NA NA 2051 130 NA NA NA NA NA NA NA 3415 1110 NA NA NA NA NA NA
1541890800.0 1325.8 NA 106 0 NA NA NA NA NA NA NA 164 0 NA NA NA NA NA NA NA 1672 124 NA NA NA NA NA NA NA 1428 251 NA NA NA NA NA NA
1541890800.0 1326.0 NA 126 331 0 NA NA NA NA NA NA 388 418 0 NA NA NA NA NA NA 588 1565 793 NA NA NA NA NA NA 1187 2214 1119 NA NA NA NA NA
1541890800.0 1327.0 NA 130 332 0 NA NA NA NA NA NA 388 427 0 NA NA NA NA NA NA 511 1607 960 NA NA NA NA NA NA 590 1829 1109 NA NA NA NA NA
1541890800.0 1328.0 NA 132 339 0 NA NA NA NA NA NA 388 426 0 NA NA NA NA NA NA 654 1646 1020 NA NA NA NA NA NA 569 2383 1374 NA NA NA NA NA
1541890800.0 1329.0 NA 125 330 0 NA NA NA NA NA NA 380 423 0 NA NA NA NA NA NA 515 1598 812 NA NA NA NA NA NA 880 2539 922 NA NA NA NA NA
1541890800.0 1329.1 NA 104 0 NA NA NA NA NA NA NA 176 0 NA NA NA NA NA NA NA 1588 119 NA NA NA NA NA NA NA 1233 359 NA NA NA NA NA NA
1541890800.0 133.0 111 99 263 NA NA NA NA NA NA 198 370 365 NA NA NA NA NA NA 5673 603 1916 NA NA NA NA NA NA 2783 772 1918 NA NA NA NA NA NA
1541890800.0 1330.0 NA 122 331 0 NA NA NA NA NA NA 388 422 0 NA NA NA NA NA NA 609 1607 953 NA NA NA NA NA NA 1271 2850 1234 NA NA NA NA NA
1541890800.0 1331.0 NA 125 334 0 NA NA NA NA NA NA 389 433 0 NA NA NA NA NA NA 603 1626 814 NA NA NA NA NA NA 1182 2662 923 NA NA NA NA NA
1541890800.0 1332.0 NA 135 337 0 NA NA NA NA NA NA 388 432 0 NA NA NA NA NA NA 588 1933 883 NA NA NA NA NA NA 783 2474 1007 NA NA NA NA NA
1541890800.0 1333.0 NA 130 333 0 NA NA NA NA NA NA 388 413 0 NA NA NA NA NA NA 568 1901 876 NA NA NA NA NA NA 802 2586 988 NA NA NA NA NA
1541890800.0 1334.0 NA 135 336 0 NA NA NA NA NA NA 388 441 0 NA NA NA NA NA NA 618 1999 901 NA NA NA NA NA NA 1143 2536 1155 NA NA NA NA NA
1541890800.0 1335.0 NA 131 335 0 NA NA NA NA NA NA 381 421 0 NA NA NA NA NA NA 576 1903 886 NA NA NA NA NA NA 1006 2376 1034 NA NA NA NA NA
1541890800.0 1336.0 NA 130 336 0 NA NA NA NA NA NA 388 437 0 NA NA NA NA NA NA 740 2496 893 NA NA NA NA NA NA 1241 2725 1184 NA NA NA NA NA
1541890800.0 1337.0 NA 137 340 0 NA NA NA NA NA NA 388 437 0 NA NA NA NA NA NA 680 2440 901 NA NA NA NA NA NA 607 2501 1015 NA NA NA NA NA
1541890800.0 1338.0 NA 135 336 0 NA NA NA NA NA NA 381 436 0 NA NA NA NA NA NA 615 2032 905 NA NA NA NA NA NA 921 2255 1282 NA NA NA NA NA
1541890800.0 1339.0 NA 140 345 0 NA NA NA NA NA NA 381 446 0 NA NA NA NA NA NA 614 2296 887 NA NA NA NA NA NA 640 2581 1111 NA NA NA NA NA
1541890800.0 134.0 NA 290 40 0 NA NA NA NA NA NA 371 77 0 NA NA NA NA NA NA 5106 153 87 NA NA NA NA NA NA 4472 393 170 NA NA NA NA NA
1541890800.0 134.701 NA 31 324 0 NA NA NA NA NA NA 89 413 0 NA NA NA NA NA NA 266 4913 798 NA NA NA NA NA NA 707 2859 957 NA NA NA NA NA
1541890800.0 134.702 NA 36 318 0 NA NA NA NA NA NA 90 413 0 NA NA NA NA NA NA 272 6151 766 NA NA NA NA NA NA 409 3583 988 NA NA NA NA NA
1541890800.0 134.703 NA 34 331 0 NA NA NA NA NA NA 90 424 0 NA NA NA NA NA NA 265 6277 802 NA NA NA NA NA NA 2419 3567 913 NA NA NA NA NA
1541890800.0 134.704 NA 36 324 0 NA NA NA NA NA NA 87 407 0 NA NA NA NA NA NA 259 6076 776 NA NA NA NA NA NA 322 3414 929 NA NA NA NA NA
1541890800.0 134.705 NA 35 338 0 NA NA NA NA NA NA 88 417 0 NA NA NA NA NA NA 273 6454 819 NA NA NA NA NA NA 323 3321 880 NA NA NA NA NA
1541890800.0 134.706 NA 33 330 0 NA NA NA NA NA NA 88 433 0 NA NA NA NA NA NA 277 6535 845 NA NA NA NA NA NA 349 3473 1099 NA NA NA NA NA
1541890800.0 134.707 NA 35 322 0 NA NA NA NA NA NA 89 409 0 NA NA NA NA NA NA 278 5868 771 NA NA NA NA NA NA 2299 3560 923 NA NA NA NA NA
1541890800.0 134.708 NA 32 318 0 NA NA NA NA NA NA 88 408 0 NA NA NA NA NA NA 257 5739 793 NA NA NA NA NA NA 358 3595 1100 NA NA NA NA NA
1541890800.0 134.709 NA 34 495 0 NA NA NA NA NA NA 89 606 0 NA NA NA NA NA NA 257 6352 783 NA NA NA NA NA NA 382 4007 1116 NA NA NA NA NA
1541890800.0 134.71 NA 28 313 0 NA NA NA NA NA NA 82 402 0 NA NA NA NA NA NA 255 4365 779 NA NA NA NA NA NA 305 2973 983 NA NA NA NA NA
1541890800.0 134.801 NA 35 329 0 NA NA NA NA NA NA 89 407 0 NA NA NA NA NA NA 262 4498 712 NA NA NA NA NA NA 402 2627 775 NA NA NA NA NA
1541890800.0 134.802 NA 40 324 0 NA NA NA NA NA NA 90 420 0 NA NA NA NA NA NA 288 7394 764 NA NA NA NA NA NA 296 3685 1186 NA NA NA NA NA
1541890800.0 134.803 NA 42 321 0 NA NA NA NA NA NA 94 427 0 NA NA NA NA NA NA 296 6687 771 NA NA NA NA NA NA 548 3377 1211 NA NA NA NA NA
1541890800.0 134.804 NA 35 332 0 NA NA NA NA NA NA 90 426 0 NA NA NA NA NA NA 285 7553 756 NA NA NA NA NA NA 257 3689 1009 NA NA NA NA NA
1541890800.0 134.805 NA 34 328 0 NA NA NA NA NA NA 92 424 0 NA NA NA NA NA NA 296 7270 792 NA NA NA NA NA NA 386 3880 872 NA NA NA NA NA
1541890800.0 134.806 NA 33 329 0 NA NA NA NA NA NA 95 429 0 NA NA NA NA NA NA 285 8074 774 NA NA NA NA NA NA 379 4545 1146 NA NA NA NA NA
1541890800.0 134.807 NA 93 355 0 NA NA NA NA NA NA 199 492 0 NA NA NA NA NA NA 1241 8185 924 NA NA NA NA NA NA 12085 4431 1345 NA NA NA NA NA
1541890800.0 134.808 NA 104 356 0 NA NA NA NA NA NA 200 493 0 NA NA NA NA NA NA 1214 8654 858 NA NA NA NA NA NA 1142 5188 1359 NA NA NA NA NA
1541890800.0 134.809 NA 34 319 0 NA NA NA NA NA NA 91 409 0 NA NA NA NA NA NA 274 6949 774 NA NA NA NA NA NA 319 3529 1105 NA NA NA NA NA
1541890800.0 134.81 NA 30 335 0 NA NA NA NA NA NA 86 428 0 NA NA NA NA NA NA 279 6944 770 NA NA NA NA NA NA 516 3538 838 NA NA NA NA NA
1541890800.0 134.811 NA 32 328 0 NA NA NA NA NA NA 92 425 0 NA NA NA NA NA NA 286 7518 760 NA NA NA NA NA NA 549 3630 1062 NA NA NA NA NA
1541890800.0 134.812 NA 33 312 0 NA NA NA NA NA NA 84 400 0 NA NA NA NA NA NA 251 4613 742 NA NA NA NA NA NA 415 2903 844 NA NA NA NA NA
1541890800.0 134.813 NA 148 57 0 NA NA NA NA NA NA 236 103 0 NA NA NA NA NA NA 947 232 427 NA NA NA NA NA NA 2792 354 926 NA NA NA NA NA
1541890800.0 134.901 NA 35 317 0 NA NA NA NA NA NA 86 402 0 NA NA NA NA NA NA 277 4712 721 NA NA NA NA NA NA 558 3363 783 NA NA NA NA NA
1541890800.0 134.902 NA 34 319 0 NA NA NA NA NA NA 90 403 0 NA NA NA NA NA NA 267 5734 759 NA NA NA NA NA NA 430 3273 899 NA NA NA NA NA
1541890800.0 134.903 NA 33 314 0 NA NA NA NA NA NA 90 399 0 NA NA NA NA NA NA 263 5329 755 NA NA NA NA NA NA 416 3330 863 NA NA NA NA NA
1541890800.0 134.904 NA 35 323 0 NA NA NA NA NA NA 94 406 0 NA NA NA NA NA NA 256 6263 766 NA NA NA NA NA NA 480 3438 1130 NA NA NA NA NA
1541890800.0 134.905 NA 36 320 0 NA NA NA NA NA NA 93 404 0 NA NA NA NA NA NA 281 5294 768 NA NA NA NA NA NA 421 3283 968 NA NA NA NA NA
1541890800.0 134.906 NA 38 319 0 NA NA NA NA NA NA 88 408 0 NA NA NA NA NA NA 297 6119 758 NA NA NA NA NA NA 702 3317 879 NA NA NA NA NA
1541890800.0 134.907 NA 91 351 0 NA NA NA NA NA NA 196 478 0 NA NA NA NA NA NA 995 6304 818 NA NA NA NA NA NA 1187 3489 890 NA NA NA NA NA
1541890800.0 134.908 NA 94 358 0 NA NA NA NA NA NA 198 471 0 NA NA NA NA NA NA 1020 6339 800 NA NA NA NA NA NA 1119 3467 895 NA NA NA NA NA
1541890800.0 134.909 NA 38 314 0 NA NA NA NA NA NA 89 402 0 NA NA NA NA NA NA 287 5742 775 NA NA NA NA NA NA 442 3180 1136 NA NA NA NA NA
1541890800.0 134.91 NA 37 314 0 NA NA NA NA NA NA 95 406 0 NA NA NA NA NA NA 297 5215 770 NA NA NA NA NA NA 580 3002 1269 NA NA NA NA NA
1541890800.0 134.911 NA 33 318 0 NA NA NA NA NA NA 89 406 0 NA NA NA NA NA NA 300 5377 781 NA NA NA NA NA NA 386 2965 1408 NA NA NA NA NA
1541890800.0 134.912 NA 31 308 0 NA NA NA NA NA NA 89 398 0 NA NA NA NA NA NA 280 4340 775 NA NA NA NA NA NA 368 3377 931 NA NA NA NA NA
1541890800.0 134.99601 NA 33 329 0 NA NA NA NA NA NA 94 418 0 NA NA NA NA NA NA 320 7922 763 NA NA NA NA NA NA 501 4962 1135 NA NA NA NA NA
1541890800.0 134.99602 NA 32 314 0 NA NA NA NA NA NA 90 402 0 NA NA NA NA NA NA 287 5157 753 NA NA NA NA NA NA 550 3100 922 NA NA NA NA NA
1541890800.0 134.99603 NA 34 326 0 NA NA NA NA NA NA 91 417 0 NA NA NA NA NA NA 291 6777 774 NA NA NA NA NA NA 2292 3940 896 NA NA NA NA NA
1541890800.0 134.99901 NA 33 318 0 NA NA NA NA NA NA 91 404 0 NA NA NA NA NA NA 290 5207 752 NA NA NA NA NA NA 584 3108 1184 NA NA NA NA NA
1541890800.0 1340.0 NA 129 326 0 NA NA NA NA NA NA 380 416 0 NA NA NA NA NA NA 562 1843 882 NA NA NA NA NA NA 826 2419 1155 NA NA NA NA NA
1541890800.0 1341.0 NA 136 339 0 NA NA NA NA NA NA 380 430 0 NA NA NA NA NA NA 659 2320 888 NA NA NA NA NA NA 842 2529 1005 NA NA NA NA NA
1541890800.0 1343.0 NA 128 334 0 NA NA NA NA NA NA 381 422 0 NA NA NA NA NA NA 594 2013 888 NA NA NA NA NA NA 643 2530 1039 NA NA NA NA NA
1541890800.0 1344.0 NA 132 338 0 NA NA NA NA NA NA 388 430 0 NA NA NA NA NA NA 626 1962 897 NA NA NA NA NA NA 908 2366 1090 NA NA NA NA NA
1541890800.0 1345.0 NA 131 336 0 NA NA NA NA NA NA 387 445 0 NA NA NA NA NA NA 590 1936 904 NA NA NA NA NA NA 2859 2541 1087 NA NA NA NA NA
1541890800.0 1347.0 NA 124 330 0 NA NA NA NA NA NA 380 427 0 NA NA NA NA NA NA 693 1932 889 NA NA NA NA NA NA 875 2434 1146 NA NA NA NA NA
1541890800.0 1348.0 NA 129 326 0 NA NA NA NA NA NA 388 426 0 NA NA NA NA NA NA 545 1886 889 NA NA NA NA NA NA 793 2318 1384 NA NA NA NA NA
1541890800.0 1349.0 NA 129 335 0 NA NA NA NA NA NA 388 424 0 NA NA NA NA NA NA 561 1899 889 NA NA NA NA NA NA 737 2257 996 NA NA NA NA NA
1541890800.0 135.1 335 0 113 NA NA NA NA NA NA 508 0 185 NA NA NA NA NA NA 1363 299 722 NA NA NA NA NA NA 1894 379 989 NA NA NA NA NA NA
1541890800.0 135.11 341 0 116 NA NA NA NA NA NA 500 0 187 NA NA NA NA NA NA 1491 303 795 NA NA NA NA NA NA 1376 400 1129 NA NA NA NA NA NA
1541890800.0 135.12 334 0 111 NA NA NA NA NA NA 500 0 184 NA NA NA NA NA NA 1314 298 710 NA NA NA NA NA NA 1595 418 983 NA NA NA NA NA NA
1541890800.0 135.13 331 0 NA NA NA NA NA NA NA 499 0 NA NA NA NA NA NA NA 1264 308 NA NA NA NA NA NA NA 1276 392 NA NA NA NA NA NA NA
1541890800.0 135.2 256 0 111 NA NA NA NA NA NA 507 0 179 NA NA NA NA NA NA 1127 298 690 NA NA NA NA NA NA 1266 715 956 NA NA NA NA NA NA
1541890800.0 135.3 258 0 113 NA NA NA NA NA NA 500 0 182 NA NA NA NA NA NA 1142 283 696 NA NA NA NA NA NA 1241 374 875 NA NA NA NA NA NA
1541890800.0 135.4 331 0 111 NA NA NA NA NA NA 500 0 181 NA NA NA NA NA NA 1182 361 711 NA NA NA NA NA NA 1334 594 924 NA NA NA NA NA NA
1541890800.0 135.5 335 0 110 NA NA NA NA NA NA 508 0 183 NA NA NA NA NA NA 1202 290 702 NA NA NA NA NA NA 1366 382 886 NA NA NA NA NA NA
1541890800.0 135.6 320 0 113 NA NA NA NA NA NA 501 0 185 NA NA NA NA NA NA 1301 295 731 NA NA NA NA NA NA 1524 380 1125 NA NA NA NA NA NA
1541890800.0 135.7 333 0 121 NA NA NA NA NA NA 501 0 186 NA NA NA NA NA NA 1227 294 701 NA NA NA NA NA NA 1648 449 814 NA NA NA NA NA NA
1541890800.0 135.8 146 NA NA NA NA NA NA NA NA 236 NA NA NA NA NA NA NA NA 469 NA NA NA NA NA NA NA NA 900 NA NA NA NA NA NA NA NA
1541890800.0 135.9 330 0 109 NA NA NA NA NA NA 501 0 183 NA NA NA NA NA NA 1099 282 701 NA NA NA NA NA NA 1300 353 1250 NA NA NA NA NA NA
1541890800.0 1350.0 NA 130 335 0 NA NA NA NA NA NA 388 440 0 NA NA NA NA NA NA 577 1915 890 NA NA NA NA NA NA 792 2321 1299 NA NA NA NA NA
1541890800.0 1351.0 NA 132 336 0 NA NA NA NA NA NA 388 426 0 NA NA NA NA NA NA 567 1932 892 NA NA NA NA NA NA 657 2508 1077 NA NA NA NA NA
1541890800.0 1352.0 NA 132 335 0 NA NA NA NA NA NA 388 426 0 NA NA NA NA NA NA 599 1926 903 NA NA NA NA NA NA 709 2431 1113 NA NA NA NA NA
1541890800.0 1353.0 NA 132 333 0 NA NA NA NA NA NA 388 427 0 NA NA NA NA NA NA 598 1987 894 NA NA NA NA NA NA 546 2541 1180 NA NA NA NA NA
1541890800.0 1354.0 NA 133 333 0 NA NA NA NA NA NA 388 428 0 NA NA NA NA NA NA 592 1938 888 NA NA NA NA NA NA 1014 2531 1257 NA NA NA NA NA
1541890800.0 1355.0 NA 135 337 0 NA NA NA NA NA NA 380 416 0 NA NA NA NA NA NA 642 1955 889 NA NA NA NA NA NA 1040 2399 978 NA NA NA NA NA
1541890800.0 1356.0 87 126 338 0 116 NA NA NA NA 156 373 448 0 186 NA NA NA NA 2506 564 1891 883 685 NA NA NA NA 1626 475 2422 1084 871 NA NA NA NA
1541890800.0 136.721 NA 75 330 0 NA NA NA NA NA NA 135 425 0 NA NA NA NA NA NA 521 7019 899 NA NA NA NA NA NA 752 3708 1030 NA NA NA NA NA
1541890800.0 136.722 NA 73 340 0 NA NA NA NA NA NA 141 474 0 NA NA NA NA NA NA 531 8131 892 NA NA NA NA NA NA 1035 5039 1264 NA NA NA NA NA
1541890800.0 136.723 NA 75 332 0 NA NA NA NA NA NA 137 427 0 NA NA NA NA NA NA 691 7647 881 NA NA NA NA NA NA 885 4638 1030 NA NA NA NA NA
1541890800.0 136.724 NA 81 348 0 NA NA NA NA NA NA 140 479 0 NA NA NA NA NA NA 606 9152 907 NA NA NA NA NA NA 1137 5174 1108 NA NA NA NA NA
1541890800.0 136.725 NA 73 375 0 NA NA NA NA NA NA 137 517 0 NA NA NA NA NA NA 559 9402 965 NA NA NA NA NA NA 1243 5017 2905 NA NA NA NA NA
1541890800.0 136.726 NA 72 342 0 NA NA NA NA NA NA 139 433 0 NA NA NA NA NA NA 566 9920 887 NA NA NA NA NA NA 1097 5501 1113 NA NA NA NA NA
1541890800.0 136.727 NA 134 364 0 NA NA NA NA NA NA 248 499 0 NA NA NA NA NA NA 1334 9504 993 NA NA NA NA NA NA 1821 4665 1173 NA NA NA NA NA
1541890800.0 136.728 NA 134 370 0 NA NA NA NA NA NA 248 502 0 NA NA NA NA NA NA 1551 10128 1114 NA NA NA NA NA NA 1649 4570 1487 NA NA NA NA NA
1541890800.0 136.729 NA 72 342 0 NA NA NA NA NA NA 137 433 0 NA NA NA NA NA NA 480 10071 1041 NA NA NA NA NA NA 1280 4776 1306 NA NA NA NA NA
1541890800.0 136.73 NA 73 364 0 NA NA NA NA NA NA 138 500 0 NA NA NA NA NA NA 569 9781 1312 NA NA NA NA NA NA 1499 4446 1492 NA NA NA NA NA
1541890800.0 136.731 NA 73 361 0 NA NA NA NA NA NA 140 519 0 NA NA NA NA NA NA 476 10201 1046 NA NA NA NA NA NA 1155 5180 1171 NA NA NA NA NA
1541890800.0 136.732 NA 75 332 0 NA NA NA NA NA NA 140 445 0 NA NA NA NA NA NA 490 7629 940 NA NA NA NA NA NA 1113 3784 1179 NA NA NA NA NA
1541890800.0 136.7321 NA 86 354 0 NA NA NA NA NA NA 151 449 0 NA NA NA NA NA NA 510 7510 903 NA NA NA NA NA NA 1173 4416 1089 NA NA NA NA NA
1541890800.0 136.733 NA 164 62 0 NA NA NA NA NA NA 249 112 0 NA NA NA NA NA NA 1122 359 366 NA NA NA NA NA NA 1180 773 589 NA NA NA NA NA
1541890800.0 136.734 NA 72 341 0 NA NA NA NA NA NA 138 444 0 NA NA NA NA NA NA 754 9652 936 NA NA NA NA NA NA 608 5156 1308 NA NA NA NA NA
1541890800.0 136.735 NA 83 274 0 NA NA NA NA NA NA 137 373 0 NA NA NA NA NA NA 760 2279 680 NA NA NA NA NA NA 1072 2993 1009 NA NA NA NA NA
1541890800.0 136.736 NA 73 349 0 NA NA NA NA NA NA 144 462 0 NA NA NA NA NA NA 546 13136 955 NA NA NA NA NA NA 1099 5806 1144 NA NA NA NA NA
1541890800.0 136.737 NA 73 369 0 NA NA NA NA NA NA 133 508 0 NA NA NA NA NA NA 538 15192 1012 NA NA NA NA NA NA 508 6495 1192 NA NA NA NA NA
1541890800.0 136.738 NA 73 347 0 NA NA NA NA NA NA 140 453 0 NA NA NA NA NA NA 742 15153 1026 NA NA NA NA NA NA 1460 6946 2014 NA NA NA NA NA
1541890800.0 136.739 NA 72 372 0 NA NA NA NA NA NA 133 507 0 NA NA NA NA NA NA 572 17734 1033 NA NA NA NA NA NA 662 7006 1564 NA NA NA NA NA
1541890800.0 136.74 NA 75 383 0 NA NA NA NA NA NA 136 552 0 NA NA NA NA NA NA 567 15763 1015 NA NA NA NA NA NA 1224 6683 1210 NA NA NA NA NA
1541890800.0 136.741 NA 71 355 0 NA NA NA NA NA NA 135 463 0 NA NA NA NA NA NA 674 16175 1044 NA NA NA NA NA NA 569 6732 1243 NA NA NA NA NA
1541890800.0 136.742 NA 72 341 0 NA NA NA NA NA NA 132 451 0 NA NA NA NA NA NA 545 14477 1244 NA NA NA NA NA NA 1020 6455 1537 NA NA NA NA NA
1541890800.0 136.743 NA 77 352 0 NA NA NA NA NA NA 136 458 0 NA NA NA NA NA NA 707 14118 1295 NA NA NA NA NA NA 621 6534 1653 NA NA NA NA NA
1541890800.0 136.744 NA 71 399 0 NA NA NA NA NA NA 137 546 0 NA NA NA NA NA NA 533 15995 1135 NA NA NA NA NA NA 1138 6475 1484 NA NA NA NA NA
1541890800.0 136.745 NA 73 343 0 NA NA NA NA NA NA 141 444 0 NA NA NA NA NA NA 521 10555 1080 NA NA NA NA NA NA 1010 5220 1224 NA NA NA NA NA
1541890800.0 136.746 NA 72 352 0 NA NA NA NA NA NA 140 455 0 NA NA NA NA NA NA 758 14792 1014 NA NA NA NA NA NA 1267 6230 1250 NA NA NA NA NA
1541890800.0 136.747 NA 72 360 0 NA NA NA NA NA NA 138 459 0 NA NA NA NA NA NA 574 14272 1073 NA NA NA NA NA NA 1307 6055 1301 NA NA NA NA NA
1541890800.0 136.748 NA 74 356 0 NA NA NA NA NA NA 136 457 0 NA NA NA NA NA NA 558 14135 1168 NA NA NA NA NA NA 1112 6701 1547 NA NA NA NA NA
1541890800.0 136.749 NA 78 353 0 NA NA NA NA NA NA 135 470 0 NA NA NA NA NA NA 737 15623 1068 NA NA NA NA NA NA 583 6218 1347 NA NA NA NA NA
1541890800.0 136.75 NA 73 372 0 NA NA NA NA NA NA 135 519 0 NA NA NA NA NA NA 587 18153 990 NA NA NA NA NA NA 500 7881 1823 NA NA NA NA NA
1541890800.0 136.751 NA 74 388 0 NA NA NA NA NA NA 140 555 0 NA NA NA NA NA NA 2413 14861 817 NA NA NA NA NA NA 2553 6268 1097 NA NA NA NA NA
1541890800.0 136.752 NA 73 350 0 NA NA NA NA NA NA 136 460 0 NA NA NA NA NA NA 640 15198 1071 NA NA NA NA NA NA 776 6283 1382 NA NA NA NA NA
1541890800.0 136.753 NA 78 346 0 NA NA NA NA NA NA 135 466 0 NA NA NA NA NA NA 542 15874 1157 NA NA NA NA NA NA 830 6690 1380 NA NA NA NA NA
1541890800.0 136.754 NA 76 355 0 NA NA NA NA NA NA 143 470 0 NA NA NA NA NA NA 627 12573 1258 NA NA NA NA NA NA 1191 5710 1536 NA NA NA NA NA
1541890800.0 136.755 NA 75 376 0 NA NA NA NA NA NA 137 542 0 NA NA NA NA NA NA 577 17341 1043 NA NA NA NA NA NA 684 6979 1163 NA NA NA NA NA
1541890800.0 136.756 NA 85 350 0 NA NA NA NA NA NA 138 442 0 NA NA NA NA NA NA 533 10102 884 NA NA NA NA NA NA 417 5027 1026 NA NA NA NA NA
1541890800.0 136.757 NA 75 355 0 NA NA NA NA NA NA 143 465 0 NA NA NA NA NA NA 716 14223 1037 NA NA NA NA NA NA 706 6606 1257 NA NA NA NA NA
1541890800.0 136.758 NA 72 359 0 NA NA NA NA NA NA 138 482 0 NA NA NA NA NA NA 567 17646 985 NA NA NA NA NA NA 2885 6526 1123 NA NA NA NA NA
1541890800.0 136.759 NA 80 377 0 NA NA NA NA NA NA 133 519 0 NA NA NA NA NA NA 577 16147 844 NA NA NA NA NA NA 1140 9223 976 NA NA NA NA NA
1541890800.0 136.76 NA 80 369 0 NA NA NA NA NA NA 139 502 0 NA NA NA NA NA NA 694 16829 826 NA NA NA NA NA NA 1102 6762 1055 NA NA NA NA NA
1541890800.0 136.761 NA 81 397 0 NA NA NA NA NA NA 139 551 0 NA NA NA NA NA NA 634 19143 831 NA NA NA NA NA NA 813 9630 1125 NA NA NA NA NA
1541890800.0 136.7611 NA 165 0 NA NA NA NA NA NA NA 316 0 NA NA NA NA NA NA NA 2237 125 NA NA NA NA NA NA NA 1927 253 NA NA NA NA NA NA
1541890800.0 136.762 NA 81 398 0 NA NA NA NA NA NA 139 577 0 NA NA NA NA NA NA 629 21451 839 NA NA NA NA NA NA 1075 10794 1153 NA NA NA NA NA
1541890800.0 136.763 NA 80 357 0 NA NA NA NA NA NA 141 483 0 NA NA NA NA NA NA 739 17029 824 NA NA NA NA NA NA 1178 6602 1294 NA NA NA NA NA
1541890800.0 136.764 NA 82 356 0 NA NA NA NA NA NA 134 486 0 NA NA NA NA NA NA 568 16742 992 NA NA NA NA NA NA 1040 8670 1344 NA NA NA NA NA
1541890800.0 136.765 NA 72 359 0 NA NA NA NA NA NA 137 476 0 NA NA NA NA NA NA 610 18469 1106 NA NA NA NA NA NA 841 7611 1200 NA NA NA NA NA
1541890800.0 136.766 NA 72 384 0 NA NA NA NA NA NA 136 563 0 NA NA NA NA NA NA 581 16373 826 NA NA NA NA NA NA 2567 6813 1124 NA NA NA NA NA
1541890800.0 136.767 NA 71 354 0 NA NA NA NA NA NA 138 474 0 NA NA NA NA NA NA 544 15613 1215 NA NA NA NA NA NA 1115 6552 1540 NA NA NA NA NA
1541890800.0 136.768 NA 75 359 0 NA NA NA NA NA NA 139 481 0 NA NA NA NA NA NA 711 15514 822 NA NA NA NA NA NA 488 5867 1065 NA NA NA NA NA
1541890800.0 136.769 NA 73 352 0 NA NA NA NA NA NA 140 457 0 NA NA NA NA NA NA 1788 13006 974 NA NA NA NA NA NA 3010 6023 1102 NA NA NA NA NA
1541890800.0 136.77 NA 75 358 0 NA NA NA NA NA NA 135 499 0 NA NA NA NA NA NA 535 14343 1096 NA NA NA NA NA NA 750 6594 1324 NA NA NA NA NA
1541890800.0 136.771 NA 74 348 0 NA NA NA NA NA NA 140 450 0 NA NA NA NA NA NA 682 13491 1077 NA NA NA NA NA NA 1121 5888 1344 NA NA NA NA NA
1541890800.0 136.772 NA 73 368 0 NA NA NA NA NA NA 139 511 0 NA NA NA NA NA NA 653 15917 1107 NA NA NA NA NA NA 660 5934 1764 NA NA NA NA NA
1541890800.0 136.7721 NA 158 0 NA NA NA NA NA NA NA 300 0 NA NA NA NA NA NA NA 2014 129 NA NA NA NA NA NA NA 4153 277 NA NA NA NA NA NA
1541890800.0 136.7722 NA 106 0 NA NA NA NA NA NA NA 177 0 NA NA NA NA NA NA NA 1185 121 NA NA NA NA NA NA NA 1484 308 NA NA NA NA NA NA
1541890800.0 136.773 NA 73 395 0 NA NA NA NA NA NA 140 540 0 NA NA NA NA NA NA 581 14681 1037 NA NA NA NA NA NA 1187 6309 1307 NA NA NA NA NA
1541890800.0 136.774 NA 73 355 0 NA NA NA NA NA NA 142 458 0 NA NA NA NA NA NA 626 14514 1044 NA NA NA NA NA NA 1135 5698 1334 NA NA NA NA NA
1541890800.0 136.775 NA 73 350 0 NA NA NA NA NA NA 137 449 0 NA NA NA NA NA NA 543 12928 1344 NA NA NA NA NA NA 1238 5968 1659 NA NA NA NA NA
1541890800.0 136.776 NA 83 349 0 NA NA NA NA NA NA 133 445 0 NA NA NA NA NA NA 589 12247 1139 NA NA NA NA NA NA 612 5561 1270 NA NA NA NA NA
1541890800.0 136.777 NA 73 379 0 NA NA NA NA NA NA 136 539 0 NA NA NA NA NA NA 550 14194 1077 NA NA NA NA NA NA 501 6235 1432 NA NA NA NA NA
1541890800.0 136.778 NA 75 333 0 NA NA NA NA NA NA 137 442 0 NA NA NA NA NA NA 560 9381 875 NA NA NA NA NA NA 565 4251 1121 NA NA NA NA NA
1541890800.0 136.779 NA 71 347 0 NA NA NA NA NA NA 139 462 0 NA NA NA NA NA NA 761 14781 971 NA NA NA NA NA NA 1141 6195 1208 NA NA NA NA NA
1541890800.0 136.78 NA 106 396 0 NA NA NA NA NA NA 162 603 0 NA NA NA NA NA NA 590 19099 1546 NA NA NA NA NA NA 1178 7501 1808 NA NA NA NA NA
1541890800.0 136.7801 NA 98 0 NA NA NA NA NA NA NA 151 0 NA NA NA NA NA NA NA 376 183 NA NA NA NA NA NA NA 1087 802 NA NA NA NA NA NA
1541890800.0 136.7802 NA 101 0 NA NA NA NA NA NA NA 157 0 NA NA NA NA NA NA NA 488 199 NA NA NA NA NA NA NA 1145 399 NA NA NA NA NA NA
1541890800.0 136.7803 NA 91 NA NA NA NA NA NA NA NA 157 NA NA NA NA NA NA NA NA 666 NA NA NA NA NA NA NA NA 3051 NA NA NA NA NA NA NA
1541890800.0 136.781 NA 95 417 0 NA NA NA NA NA NA 158 628 0 NA NA NA NA NA NA 668 21974 1550 NA NA NA NA NA NA 969 7551 1680 NA NA NA NA NA
1541890800.0 136.782 NA 101 413 0 NA NA NA NA NA NA 160 636 0 NA NA NA NA NA NA 1110 24111 1959 NA NA NA NA NA NA 1582 9455 2979 NA NA NA NA NA
1541890800.0 136.783 NA 95 425 0 NA NA NA NA NA NA 162 679 0 NA NA NA NA NA NA 704 28945 1880 NA NA NA NA NA NA 2837 11717 2063 NA NA NA NA NA
1541890800.0 136.784 NA 96 458 0 NA NA NA NA NA NA 166 695 0 NA NA NA NA NA NA 621 22023 1535 NA NA NA NA NA NA 821 7362 1748 NA NA NA NA NA
1541890800.0 136.785 NA 97 421 0 NA NA NA NA NA NA 163 625 0 NA NA NA NA NA NA 942 25501 1986 NA NA NA NA NA NA 1113 10785 2479 NA NA NA NA NA
1541890800.0 136.786 NA 102 401 0 NA NA NA NA NA NA 157 578 0 NA NA NA NA NA NA 671 23405 1882 NA NA NA NA NA NA 1262 9734 2718 NA NA NA NA NA
1541890800.0 136.787 NA 95 434 0 NA NA NA NA NA NA 160 679 0 NA NA NA NA NA NA 593 20831 1605 NA NA NA NA NA NA 1015 7007 1806 NA NA NA NA NA
1541890800.0 136.788 NA 98 437 0 NA NA NA NA NA NA 163 708 0 NA NA NA NA NA NA 717 24688 1593 NA NA NA NA NA NA 1307 8067 2046 NA NA NA NA NA
1541890800.0 136.789 NA 97 400 0 NA NA NA NA NA NA 157 609 0 NA NA NA NA NA NA 1792 20740 1871 NA NA NA NA NA NA 3018 8324 2085 NA NA NA NA NA
1541890800.0 136.79 NA 103 401 0 NA NA NA NA NA NA 166 560 0 NA NA NA NA NA NA 748 14752 2119 NA NA NA NA NA NA 1060 6206 2735 NA NA NA NA NA
1541890800.0 136.791 NA 105 326 0 NA NA NA NA NA NA 164 432 0 NA NA NA NA NA NA 705 3308 1625 NA NA NA NA NA NA 2461 2869 2005 NA NA NA NA NA
1541890800.0 136.792 NA 97 405 0 NA NA NA NA NA NA 163 565 0 NA NA NA NA NA NA 794 19593 2085 NA NA NA NA NA NA 1544 9528 3272 NA NA NA NA NA
1541890800.0 136.793 NA 100 409 0 NA NA NA NA NA NA 162 624 0 NA NA NA NA NA NA 537 15334 1449 NA NA NA NA NA NA 1050 5472 1750 NA NA NA NA NA
1541890800.0 136.794 NA 97 402 0 NA NA NA NA NA NA 171 573 0 NA NA NA NA NA NA 957 21246 2063 NA NA NA NA NA NA 1260 9159 3225 NA NA NA NA NA
1541890800.0 136.795 NA 98 432 0 NA NA NA NA NA NA 162 629 0 NA NA NA NA NA NA 558 18187 1684 NA NA NA NA NA NA 679 6236 1801 NA NA NA NA NA
1541890800.0 136.796 NA 96 428 0 NA NA NA NA NA NA 158 592 0 NA NA NA NA NA NA 530 16624 1628 NA NA NA NA NA NA 966 6640 1760 NA NA NA NA NA
1541890800.0 136.797 NA 106 409 0 NA NA NA NA NA NA 166 576 0 NA NA NA NA NA NA 615 22017 2089 NA NA NA NA NA NA 939 9768 2813 NA NA NA NA NA
1541890800.0 136.798 NA 96 400 0 NA NA NA NA NA NA 163 563 0 NA NA NA NA NA NA 674 18985 2046 NA NA NA NA NA NA 1233 8755 2833 NA NA NA NA NA
1541890800.0 136.799 NA 105 447 0 NA NA NA NA NA NA 165 626 0 NA NA NA NA NA NA 600 15738 1332 NA NA NA NA NA NA 1016 6045 1748 NA NA NA NA NA
1541890800.0 136.8 NA 109 441 0 NA NA NA NA NA NA 165 662 0 NA NA NA NA NA NA 527 20062 1545 NA NA NA NA NA NA 864 6846 1809 NA NA NA NA NA
1541890800.0 136.801 NA 98 388 0 NA NA NA NA NA NA 161 524 0 NA NA NA NA NA NA 500 12095 1758 NA NA NA NA NA NA 752 5000 2893 NA NA NA NA NA
1541890800.0 136.802 NA 96 396 0 NA NA NA NA NA NA 162 547 0 NA NA NA NA NA NA 942 16276 2090 NA NA NA NA NA NA 1676 7395 3338 NA NA NA NA NA
1541890800.0 136.803 NA 104 326 0 NA NA NA NA NA NA 164 454 0 NA NA NA NA NA NA 635 2675 1603 NA NA NA NA NA NA 991 2501 2407 NA NA NA NA NA
1541890800.0 136.804 NA 99 407 0 NA NA NA NA NA NA 166 584 0 NA NA NA NA NA NA 783 17913 2066 NA NA NA NA NA NA 1587 7668 2394 NA NA NA NA NA
1541890800.0 136.805 NA 96 420 0 NA NA NA NA NA NA 168 608 0 NA NA NA NA NA NA 713 21622 2087 NA NA NA NA NA NA 1446 8956 2614 NA NA NA NA NA
1541890800.0 136.806 NA 96 402 0 NA NA NA NA NA NA 166 552 0 NA NA NA NA NA NA 930 17963 2080 NA NA NA NA NA NA 1597 7069 2371 NA NA NA NA NA
1541890800.0 136.807 NA 98 427 0 NA NA NA NA NA NA 159 616 0 NA NA NA NA NA NA 669 21946 2007 NA NA NA NA NA NA 945 9070 2146 NA NA NA NA NA
1541890800.0 136.808 NA 103 439 0 NA NA NA NA NA NA 165 652 0 NA NA NA NA NA NA 530 16443 1730 NA NA NA NA NA NA 1030 5778 1840 NA NA NA NA NA
1541890800.0 136.809 NA 95 403 0 NA NA NA NA NA NA 158 563 0 NA NA NA NA NA NA 923 19928 2119 NA NA NA NA NA NA 1872 7783 2636 NA NA NA NA NA
1541890800.0 136.81 NA 100 402 0 NA NA NA NA NA NA 162 545 0 NA NA NA NA NA NA 572 18486 2139 NA NA NA NA NA NA 793 9334 2322 NA NA NA NA NA
1541890800.0 136.811 NA 96 427 0 NA NA NA NA NA NA 161 616 0 NA NA NA NA NA NA 592 15331 1540 NA NA NA NA NA NA 900 7157 1612 NA NA NA NA NA
1541890800.0 136.812 NA 98 453 0 NA NA NA NA NA NA 166 656 0 NA NA NA NA NA NA 648 19286 1714 NA NA NA NA NA NA 805 6780 1824 NA NA NA NA NA
1541890800.0 136.813 NA 98 402 0 NA NA NA NA NA NA 162 535 0 NA NA NA NA NA NA 524 14472 2119 NA NA NA NA NA NA 1142 7981 3082 NA NA NA NA NA
1541890800.0 136.814 NA 102 417 0 NA NA NA NA NA NA 159 557 0 NA NA NA NA NA NA 958 18163 2092 NA NA NA NA NA NA 1929 7154 2408 NA NA NA NA NA
1541890800.0 136.815 NA 102 329 0 NA NA NA NA NA NA 167 430 0 NA NA NA NA NA NA 629 3593 1647 NA NA NA NA NA NA 1222 2973 2234 NA NA NA NA NA
1541890800.0 136.816 NA 101 417 0 NA NA NA NA NA NA 161 642 0 NA NA NA NA NA NA 1018 30322 2010 NA NA NA NA NA NA 1652 11601 2680 NA NA NA NA NA
1541890800.0 136.817 NA 105 429 0 NA NA NA NA NA NA 161 650 0 NA NA NA NA NA NA 676 27639 2021 NA NA NA NA NA NA 1046 9573 2224 NA NA NA NA NA
1541890800.0 136.818 NA 101 425 0 NA NA NA NA NA NA 163 623 0 NA NA NA NA NA NA 1026 22711 1914 NA NA NA NA NA NA 1151 9264 2118 NA NA NA NA NA
1541890800.0 136.819 NA 104 437 0 NA NA NA NA NA NA 160 642 0 NA NA NA NA NA NA 813 30469 1572 NA NA NA NA NA NA 1754 16230 1738 NA NA NA NA NA
1541890800.0 136.82 NA 99 432 0 NA NA NA NA NA NA 166 671 0 NA NA NA NA NA NA 878 27261 1438 NA NA NA NA NA NA 1629 9175 1552 NA NA NA NA NA
1541890800.0 136.821 NA 95 419 0 NA NA NA NA NA NA 162 596 0 NA NA NA NA NA NA 928 25128 2021 NA NA NA NA NA NA 1294 9583 2439 NA NA NA NA NA
1541890800.0 136.822 NA 96 415 0 NA NA NA NA NA NA 160 607 0 NA NA NA NA NA NA 839 24484 1915 NA NA NA NA NA NA 1209 8989 2115 NA NA NA NA NA
1541890800.0 136.823 NA 96 474 0 NA NA NA NA NA NA 159 647 0 NA NA NA NA NA NA 783 22152 1603 NA NA NA NA NA NA 1433 7306 1704 NA NA NA NA NA
1541890800.0 136.824 NA 99 454 0 NA NA NA NA NA NA 166 712 0 NA NA NA NA NA NA 696 23597 1810 NA NA NA NA NA NA 1001 10727 2303 NA NA NA NA NA
1541890800.0 136.825 NA 98 411 0 NA NA NA NA NA NA 159 594 0 NA NA NA NA NA NA 507 18180 2153 NA NA NA NA NA NA 673 6948 2664 NA NA NA NA NA
1541890800.0 136.826 NA 104 416 0 NA NA NA NA NA NA 160 608 0 NA NA NA NA NA NA 1346 23743 2053 NA NA NA NA NA NA 1999 9683 2403 NA NA NA NA NA
1541890800.0 136.827 NA 104 333 0 NA NA NA NA NA NA 163 445 0 NA NA NA NA NA NA 573 3875 1676 NA NA NA NA NA NA 1037 4881 2358 NA NA NA NA NA
1541890800.0 136.828 NA 96 422 0 NA NA NA NA NA NA 168 631 0 NA NA NA NA NA NA 1026 26522 1847 NA NA NA NA NA NA 1282 9346 2302 NA NA NA NA NA
1541890800.0 136.829 NA 105 444 0 NA NA NA NA NA NA 159 663 0 NA NA NA NA NA NA 810 27715 1686 NA NA NA NA NA NA 1216 9050 1834 NA NA NA NA NA
1541890800.0 136.83 NA 96 418 0 NA NA NA NA NA NA 166 635 0 NA NA NA NA NA NA 1127 25663 1920 NA NA NA NA NA NA 1660 11213 2089 NA NA NA NA NA
1541890800.0 136.831 NA 97 440 0 NA NA NA NA NA NA 165 674 0 NA NA NA NA NA NA 876 29312 1844 NA NA NA NA NA NA 1327 10024 1992 NA NA NA NA NA
1541890800.0 136.8311 NA 159 0 NA NA NA NA NA NA NA 245 0 NA NA NA NA NA NA NA 3004 163 NA NA NA NA NA NA NA 4644 331 NA NA NA NA NA NA
1541890800.0 136.832 NA 107 477 0 NA NA NA NA NA NA 163 751 0 NA NA NA NA NA NA 782 33618 1774 NA NA NA NA NA NA 999 14690 2459 NA NA NA NA NA
1541890800.0 136.833 NA 95 422 0 NA NA NA NA NA NA 163 656 0 NA NA NA NA NA NA 1161 26996 1820 NA NA NA NA NA NA 1357 9530 3378 NA NA NA NA NA
1541890800.0 136.834 NA 97 421 0 NA NA NA NA NA NA 164 638 0 NA NA NA NA NA NA 865 25746 2126 NA NA NA NA NA NA 1231 10216 3581 NA NA NA NA NA
1541890800.0 136.835 NA 97 450 0 NA NA NA NA NA NA 159 699 0 NA NA NA NA NA NA 880 26259 1529 NA NA NA NA NA NA 1389 8403 1656 NA NA NA NA NA
1541890800.0 136.836 NA 103 449 0 NA NA NA NA NA NA 164 731 0 NA NA NA NA NA NA 632 29913 1746 NA NA NA NA NA NA 926 9328 1863 NA NA NA NA NA
1541890800.0 136.837 NA 102 420 0 NA NA NA NA NA NA 164 633 0 NA NA NA NA NA NA 715 21173 2007 NA NA NA NA NA NA 1147 8247 2180 NA NA NA NA NA
1541890800.0 136.838 NA 104 426 0 NA NA NA NA NA NA 165 632 0 NA NA NA NA NA NA 856 23866 2092 NA NA NA NA NA NA 1294 10781 2635 NA NA NA NA NA
1541890800.0 136.839 NA 107 335 0 NA NA NA NA NA NA 168 450 0 NA NA NA NA NA NA 597 3698 1416 NA NA NA NA NA NA 911 2995 1567 NA NA NA NA NA
1541890800.0 136.8391 NA 155 445 0 NA NA NA NA NA NA 219 643 0 NA NA NA NA NA NA 6688 23782 1947 NA NA NA NA NA NA 8219 8320 2551 NA NA NA NA NA
1541890800.0 136.84 NA 96 424 0 NA NA NA NA NA NA 169 614 0 NA NA NA NA NA NA 780 19441 2125 NA NA NA NA NA NA 1454 7177 2955 NA NA NA NA NA
1541890800.0 136.841 NA 100 423 0 NA NA NA NA NA NA 168 647 0 NA NA NA NA NA NA 697 24874 2174 NA NA NA NA NA NA 1231 8728 2689 NA NA NA NA NA
1541890800.0 136.842 NA 98 431 0 NA NA NA NA NA NA 165 652 0 NA NA NA NA NA NA 873 28891 2118 NA NA NA NA NA NA 1243 9580 2553 NA NA NA NA NA
1541890800.0 136.843 NA 107 442 0 NA NA NA NA NA NA 162 669 0 NA NA NA NA NA NA 800 31680 1734 NA NA NA NA NA NA 1003 14912 2279 NA NA NA NA NA
1541890800.0 136.844 NA 105 419 0 NA NA NA NA NA NA 162 610 0 NA NA NA NA NA NA 1071 21069 1871 NA NA NA NA NA NA 1865 8315 2687 NA NA NA NA NA
1541890800.0 136.845 NA 97 407 0 NA NA NA NA NA NA 164 563 0 NA NA NA NA NA NA 891 18065 2042 NA NA NA NA NA NA 1305 8891 2408 NA NA NA NA NA
1541890800.0 136.846 NA 97 412 0 NA NA NA NA NA NA 165 572 0 NA NA NA NA NA NA 911 18560 2111 NA NA NA NA NA NA 1034 6952 3108 NA NA NA NA NA
1541890800.0 136.847 NA 98 419 0 NA NA NA NA NA NA 166 629 0 NA NA NA NA NA NA 1183 24092 2145 NA NA NA NA NA NA 1395 11391 3390 NA NA NA NA NA
1541890800.0 136.848 NA 97 435 0 NA NA NA NA NA NA 163 643 0 NA NA NA NA NA NA 907 27898 1403 NA NA NA NA NA NA 1264 9895 1482 NA NA NA NA NA
1541890800.0 1360.0 79 106 308 0 NA NA NA NA NA 199 372 411 0 NA NA NA NA NA 2308 420 1778 878 NA NA NA NA NA 2090 753 2470 1322 NA NA NA NA NA
1541890800.0 1361.0 100 126 334 0 NA NA NA NA NA 229 372 443 0 NA NA NA NA NA 3657 606 1917 897 NA NA NA NA NA 3304 878 2459 1156 NA NA NA NA NA
1541890800.0 1361.17 74 134 353 0 NA NA NA NA NA 203 381 467 0 NA NA NA NA NA 3653 610 2006 1367 NA NA NA NA NA 3511 639 2293 1519 NA NA NA NA NA
1541890800.0 1362.0 100 132 328 0 NA NA NA NA NA 228 380 419 0 NA NA NA NA NA 4504 576 1885 898 NA NA NA NA NA 3664 530 2236 1256 NA NA NA NA NA
1541890800.0 1362.17 73 135 351 0 NA NA NA NA NA 205 373 469 0 NA NA NA NA NA 4395 593 2058 1374 NA NA NA NA NA 3504 610 2380 1498 NA NA NA NA NA
1541890800.0 1363.0 92 128 332 0 NA NA NA NA NA 220 373 431 0 NA NA NA NA NA 4470 594 1907 891 NA NA NA NA NA 3584 850 2082 1014 NA NA NA NA NA
1541890800.0 1363.17 74 138 352 0 NA NA NA NA NA 204 380 473 0 NA NA NA NA NA 4798 624 2093 1375 NA NA NA NA NA 4251 841 2791 1927 NA NA NA NA NA
1541890800.0 1364.0 NA 129 330 0 NA NA NA NA NA NA 388 440 0 NA NA NA NA NA NA 579 1882 878 NA NA NA NA NA NA 879 2550 1060 NA NA NA NA NA
1541890800.0 1365.0 NA 132 329 0 NA NA NA NA NA NA 388 431 0 NA NA NA NA NA NA 585 1919 893 NA NA NA NA NA NA 919 2448 1433 NA NA NA NA NA
1541890800.0 1366.0 NA 130 329 0 NA NA NA NA NA NA 388 423 0 NA NA NA NA NA NA 669 1922 883 NA NA NA NA NA NA 1037 2825 1023 NA NA NA NA NA
1541890800.0 139901.0 NA 133 338 0 NA NA NA NA NA NA 388 429 0 NA NA NA NA NA NA 640 1652 819 NA NA NA NA NA NA 513 2039 932 NA NA NA NA NA
1541890800.0 139902.0 NA 131 346 0 NA NA NA NA NA NA 380 426 0 NA NA NA NA NA NA 742 1790 816 NA NA NA NA NA NA 1215 2001 1184 NA NA NA NA NA
1541890800.0 13992501.0 NA 272 569 0 NA NA NA NA NA NA 409 757 0 NA NA NA NA NA NA 2612 3580 811 NA NA NA NA NA NA 1403 2848 904 NA NA NA NA NA
1541890800.0 13992502.0 NA 280 569 0 NA NA NA NA NA NA 413 770 0 NA NA NA NA NA NA 2913 3703 813 NA NA NA NA NA NA 3760 8549 930 NA NA NA NA NA
1541890800.0 14.0 NA 117 288 0 NA NA NA NA NA NA 378 389 0 NA NA NA NA NA NA 2290 3946 524 NA NA NA NA NA NA 1778 2390 623 NA NA NA NA NA
1541890800.0 140.0 80 93 192 0 NA NA NA NA NA 135 363 296 0 NA NA NA NA NA 7397 684 874 315 NA NA NA NA NA 6313 1940 1308 527 NA NA NA NA NA
1541890800.0 140.51 NA 42 220 0 NA NA NA NA NA NA 111 294 0 NA NA NA NA NA NA 754 2165 321 NA NA NA NA NA NA 1510 2061 382 NA NA NA NA NA
1541890800.0 140.52 NA 249 212 0 NA NA NA NA NA NA 351 293 0 NA NA NA NA NA NA 2623 2062 368 NA NA NA NA NA NA 2216 1402 543 NA NA NA NA NA
1541890800.0 140.53 NA 294 0 NA NA NA NA NA NA NA 402 0 NA NA NA NA NA NA NA 3543 469 NA NA NA NA NA NA NA 1729 1592 NA NA NA NA NA NA
1541890800.0 140.54 NA 239 0 NA NA NA NA NA NA NA 328 0 NA NA NA NA NA NA NA 1712 524 NA NA NA NA NA NA NA 3421 712 NA NA NA NA NA NA
1541890800.0 144.6 NA 272 NA NA NA NA NA NA NA NA 375 NA NA NA NA NA NA NA NA 2457 NA NA NA NA NA NA NA NA 4117 NA NA NA NA NA NA NA
1541890800.0 145.0 76 98 190 0 NA NA NA NA NA 127 365 289 0 NA NA NA NA NA 3922 814 990 291 NA NA NA NA NA 3771 1177 1179 372 NA NA NA NA NA
1541890800.0 148.0 155 197 425 0 NA NA NA NA NA 236 396 652 0 NA NA NA NA NA 20410 2083 20736 1785 NA NA NA NA NA 19988 2693 9925 2563 NA NA NA NA NA
1541890800.0 149.0 61 114 330 0 NA NA NA NA NA 116 381 484 0 NA NA NA NA NA 1542 584 2306 1458 NA NA NA NA NA 2173 790 3713 1682 NA NA NA NA NA
1541890800.0 15.0 NA 107 260 0 NA NA NA NA NA NA 378 383 0 NA NA NA NA NA NA 1517 1750 470 NA NA NA NA NA NA 721 2173 543 NA NA NA NA NA
1541890800.0 150.0 70 120 230 0 NA NA NA NA NA 117 373 346 0 NA NA NA NA NA 4000 743 1060 444 NA NA NA NA NA 4526 1180 1214 533 NA NA NA NA NA
1541890800.0 150.1 NA 116 223 0 NA NA NA NA NA NA 388 358 0 NA NA NA NA NA NA 573 2245 486 NA NA NA NA NA NA 2718 4772 629 NA NA NA NA NA
1541890800.0 150.2 NA 113 225 0 NA NA NA NA NA NA 389 339 0 NA NA NA NA NA NA 621 1016 506 NA NA NA NA NA NA 896 1755 628 NA NA NA NA NA
1541890800.0 150.3 NA 113 224 0 NA NA NA NA NA NA 389 333 0 NA NA NA NA NA NA 608 1004 530 NA NA NA NA NA NA 1152 1075 798 NA NA NA NA NA
1541890800.0 158.0 70 115 335 0 NA NA NA NA NA 117 381 484 0 NA NA NA NA NA 5545 691 1779 1496 NA NA NA NA NA 4887 1240 2143 1865 NA NA NA NA NA
1541890800.0 16.0 NA 111 260 0 NA NA NA NA NA NA 380 370 0 NA NA NA NA NA NA 1630 1985 476 NA NA NA NA NA NA 1282 2136 572 NA NA NA NA NA
1541890800.0 17.0 NA 102 250 0 NA NA NA NA NA NA 378 392 0 NA NA NA NA NA NA 1592 1819 469 NA NA NA NA NA NA 852 1978 560 NA NA NA NA NA
1541890800.0 18.0 NA 88 254 0 NA NA NA NA NA NA 371 359 0 NA NA NA NA NA NA 1534 1658 462 NA NA NA NA NA NA 1009 1995 578 NA NA NA NA NA
1541890800.0 19.0 NA 104 255 0 NA NA NA NA NA NA 378 366 0 NA NA NA NA NA NA 1605 1697 458 NA NA NA NA NA NA 749 1760 535 NA NA NA NA NA
1541890800.0 2.0 106 105 180 NA NA NA NA NA NA 195 370 287 NA NA NA NA NA NA 3966 641 1114 NA NA NA NA NA NA 1670 455 1605 NA NA NA NA NA NA
1541890800.0 20.0 NA 93 254 0 NA NA NA NA NA NA 377 366 0 NA NA NA NA NA NA 1665 1959 489 NA NA NA NA NA NA 1004 2205 572 NA NA NA NA NA
1541890800.0 200.0 NA 164 333 0 NA NA NA NA NA NA 389 452 0 NA NA NA NA NA NA 1070 2791 752 NA NA NA NA NA NA 992 5079 1383 NA NA NA NA NA
1541890800.0 20034.0 NA 298 393 0 NA NA NA NA NA NA 395 508 0 NA NA NA NA NA NA 2893 2482 661 NA NA NA NA NA NA 3016 2781 742 NA NA NA NA NA
1541890800.0 20034.1 NA 306 198 0 NA NA NA NA NA NA 401 275 0 NA NA NA NA NA NA 2987 1261 242 NA NA NA NA NA NA 1758 1911 314 NA NA NA NA NA
1541890800.0 20034.11 NA 305 387 0 NA NA NA NA NA NA 409 503 0 NA NA NA NA NA NA 2849 2446 632 NA NA NA NA NA NA 2512 2539 736 NA NA NA NA NA
1541890800.0 202.0 NA 166 337 0 NA NA NA NA NA NA 389 452 0 NA NA NA NA NA NA 951 2731 647 NA NA NA NA NA NA 2729 2983 753 NA NA NA NA NA
1541890800.0 20261.98 470 NA NA NA NA NA NA NA NA 616 NA NA NA NA NA NA NA NA 6447 NA NA NA NA NA NA NA NA 6683 NA NA NA NA NA NA NA NA
1541890800.0 203.0 NA 164 346 0 NA NA NA NA NA NA 382 470 0 NA NA NA NA NA NA 1001 2961 718 NA NA NA NA NA NA 1016 6942 1132 NA NA NA NA NA
1541890800.0 204.0 97 160 338 0 NA NA NA NA NA 192 386 475 0 NA NA NA NA NA 3191 1004 2740 661 NA NA NA NA NA 2641 942 6150 907 NA NA NA NA NA
1541890800.0 20434.0 104 326 396 0 NA NA NA NA NA 158 401 500 0 NA NA NA NA NA 6538 2887 2531 635 NA NA NA NA NA 3433 1798 2048 694 NA NA NA NA NA
1541890800.0 205.0 NA 170 334 0 NA NA NA NA NA NA 389 463 0 NA NA NA NA NA NA 1048 3031 722 NA NA NA NA NA NA 985 5789 1174 NA NA NA NA NA
1541890800.0 21.0 NA 99 253 0 NA NA NA NA NA NA 378 350 0 NA NA NA NA NA NA 1639 2011 491 NA NA NA NA NA NA 1245 1910 582 NA NA NA NA NA
1541890800.0 21234.0 91 308 391 0 NA NA NA NA NA 144 390 501 0 NA NA NA NA NA 6898 2869 2576 628 NA NA NA NA NA 2863 1965 2256 714 NA NA NA NA NA
1541890800.0 21234.11 106 309 393 0 NA NA NA NA NA 154 400 510 0 NA NA NA NA NA 7029 2861 2405 641 NA NA NA NA NA 3354 2280 2387 715 NA NA NA NA NA
1541890800.0 21634.0 92 303 390 0 NA NA NA NA NA 146 413 503 0 NA NA NA NA NA 6638 2882 2453 649 NA NA NA NA NA 3037 2113 2090 726 NA NA NA NA NA
1541890800.0 22.0 NA 106 255 0 NA NA NA NA NA NA 371 379 0 NA NA NA NA NA NA 1727 2223 488 NA NA NA NA NA NA 3271 2410 557 NA NA NA NA NA
1541890800.0 22034.0 99 308 385 0 NA NA NA NA NA 145 399 512 0 NA NA NA NA NA 7188 2828 2513 664 NA NA NA NA NA 3314 1981 2668 756 NA NA NA NA NA
1541890800.0 23.0 NA 124 282 0 NA NA NA NA NA NA 371 380 0 NA NA NA NA NA NA 2068 2609 541 NA NA NA NA NA NA 1294 1830 635 NA NA NA NA NA
1541890800.0 24.0 NA 120 290 0 NA NA NA NA NA NA 409 391 0 NA NA NA NA NA NA 2278 3275 542 NA NA NA NA NA NA 1008 2257 641 NA NA NA NA NA
1541890800.0 25.0 NA 123 296 0 78 NA NA NA NA NA 378 419 0 119 NA NA NA NA NA 2357 3783 586 246 NA NA NA NA NA 1253 2618 930 374 NA NA NA NA
1541890800.0 250199.0 296 NA NA NA NA NA NA NA NA 427 NA NA NA NA NA NA NA NA 3537 NA NA NA NA NA NA NA NA 1692 NA NA NA NA NA NA NA NA
1541890800.0 250199.17 310 NA NA NA NA NA NA NA NA 447 NA NA NA NA NA NA NA NA 3826 NA NA NA NA NA NA NA NA 7294 NA NA NA NA NA NA NA NA
1541890800.0 250199.18 364 NA NA NA NA NA NA NA NA 547 NA NA NA NA NA NA NA NA 5156 NA NA NA NA NA NA NA NA 4272 NA NA NA NA NA NA NA NA
1541890800.0 250200.0 NA 284 424 0 NA NA NA NA NA NA 585 523 0 NA NA NA NA NA NA 12416 2706 788 NA NA NA NA NA NA 7976 2271 862 NA NA NA NA NA
1541890800.0 250200.1 83 276 225 NA NA NA NA NA NA 156 433 329 NA NA NA NA NA NA 2334 1698 1688 NA NA NA NA NA NA 1757 3276 1413 NA NA NA NA NA NA
1541890800.0 250200.117 70 291 233 NA NA NA NA NA NA 129 428 359 NA NA NA NA NA NA 2411 1533 1689 NA NA NA NA NA NA 1583 1096 1671 NA NA NA NA NA NA
1541890800.0 250200.17 NA 318 447 0 NA NA NA NA NA NA 602 593 0 NA NA NA NA NA NA 13660 3163 1284 NA NA NA NA NA NA 9011 2489 1386 NA NA NA NA NA
1541890800.0 250200.18 NA 498 533 0 NA NA NA NA NA NA 915 693 0 NA NA NA NA NA NA 23051 4688 2226 NA NA NA NA NA NA 10340 3054 2372 NA NA NA NA NA
1541890800.0 250202.0 NA 289 413 0 NA NA NA NA NA NA 556 555 0 NA NA NA NA NA NA 12631 3199 826 NA NA NA NA NA NA 7758 3982 1032 NA NA NA NA NA
1541890800.0 250202.17 NA 323 448 0 NA NA NA NA NA NA 645 639 0 NA NA NA NA NA NA 13168 3693 1273 NA NA NA NA NA NA 5950 2512 1675 NA NA NA NA NA
1541890800.0 250202.18 NA 508 533 0 NA NA NA NA NA NA 975 708 0 NA NA NA NA NA NA 22971 4990 2200 NA NA NA NA NA NA 9989 2734 2449 NA NA NA NA NA
1541890800.0 250203.0 NA 288 417 0 NA NA NA NA NA NA 542 541 0 NA NA NA NA NA NA 11739 2776 795 NA NA NA NA NA NA 5993 1927 863 NA NA NA NA NA
1541890800.0 250203.17 NA 318 441 0 NA NA NA NA NA NA 663 608 0 NA NA NA NA NA NA 13183 3085 1264 NA NA NA NA NA NA 5693 2285 1335 NA NA NA NA NA
1541890800.0 250203.18 NA 507 515 0 NA NA NA NA NA NA 956 675 0 NA NA NA NA NA NA 22399 4388 2133 NA NA NA NA NA NA 9660 2542 2299 NA NA NA NA NA
1541890800.0 250204.0 NA 288 426 0 NA NA NA NA NA NA 582 559 0 NA NA NA NA NA NA 11979 3225 750 NA NA NA NA NA NA 5608 2346 808 NA NA NA NA NA
1541890800.0 250204.17 NA 316 441 0 NA NA NA NA NA NA 600 604 0 NA NA NA NA NA NA 12309 3332 1276 NA NA NA NA NA NA 7728 2520 1368 NA NA NA NA NA
1541890800.0 250204.18 NA 499 501 0 NA NA NA NA NA NA 984 688 0 NA NA NA NA NA NA 21762 4410 2224 NA NA NA NA NA NA 10242 2844 2391 NA NA NA NA NA
1541890800.0 250205.0 NA 286 411 0 NA NA NA NA NA NA 559 549 0 NA NA NA NA NA NA 12305 2914 799 NA NA NA NA NA NA 5396 3093 880 NA NA NA NA NA
1541890800.0 250205.17 NA 313 446 0 NA NA NA NA NA NA 608 595 0 NA NA NA NA NA NA 12908 3178 1353 NA NA NA NA NA NA 9319 2608 1612 NA NA NA NA NA
1541890800.0 250205.18 NA 500 543 0 NA NA NA NA NA NA 937 733 0 NA NA NA NA NA NA 21908 4918 2227 NA NA NA NA NA NA 8718 3174 2347 NA NA NA NA NA
1541890800.0 250206.0 NA 293 412 0 NA NA NA NA NA NA 571 548 0 NA NA NA NA NA NA 12607 3129 811 NA NA NA NA NA NA 5778 3541 898 NA NA NA NA NA
1541890800.0 250206.17 NA 311 425 0 NA NA NA NA NA NA 598 592 0 NA NA NA NA NA NA 12141 3157 1265 NA NA NA NA NA NA 5827 2287 1327 NA NA NA NA NA
1541890800.0 250206.18 NA 497 514 0 NA NA NA NA NA NA 943 698 0 NA NA NA NA NA NA 22051 4687 2175 NA NA NA NA NA NA 11656 2744 2440 NA NA NA NA NA
1541890800.0 250207.0 NA 276 414 0 NA NA NA NA NA NA 578 537 0 NA NA NA NA NA NA 11500 2836 808 NA NA NA NA NA NA 7311 2299 1095 NA NA NA NA NA
1541890800.0 250207.17 NA 296 443 0 NA NA NA NA NA NA 644 583 0 NA NA NA NA NA NA 12726 2928 1274 NA NA NA NA NA NA 7376 3229 1392 NA NA NA NA NA
1541890800.0 250207.18 NA 477 503 0 NA NA NA NA NA NA 913 685 0 NA NA NA NA NA NA 21023 4015 2192 NA NA NA NA NA NA 9904 2387 2516 NA NA NA NA NA
1541890800.0 250208.17 NA 326 466 0 NA NA NA NA NA NA 635 622 0 NA NA NA NA NA NA 14490 4546 1238 NA NA NA NA NA NA 7601 2480 2041 NA NA NA NA NA
1541890800.0 250208.18 NA 542 549 0 NA NA NA NA NA NA 965 722 0 NA NA NA NA NA NA 26028 6370 2206 NA NA NA NA NA NA 11049 3219 2753 NA NA NA NA NA
1541890800.0 250399.0 285 NA NA NA NA NA NA NA NA 429 NA NA NA NA NA NA NA NA 1055 NA NA NA NA NA NA NA NA 1369 NA NA NA NA NA NA NA NA
1541890800.0 250400.0 350 0 124 NA NA NA NA NA NA 517 0 188 NA NA NA NA NA NA 1467 250 661 NA NA NA NA NA NA 1881 322 796 NA NA NA NA NA NA
1541890800.0 250402.0 348 0 118 NA NA NA NA NA NA 518 0 191 NA NA NA NA NA NA 1619 249 671 NA NA NA NA NA NA 5192 312 1043 NA NA NA NA NA NA
1541890800.0 250403.0 376 0 119 NA NA NA NA NA NA 526 0 189 NA NA NA NA NA NA 1400 245 658 NA NA NA NA NA NA 1269 573 777 NA NA NA NA NA NA
1541890800.0 250405.0 348 0 123 NA NA NA NA NA NA 522 0 189 NA NA NA NA NA NA 1462 237 638 NA NA NA NA NA NA 1414 303 892 NA NA NA NA NA NA
1541890800.0 250406.0 337 0 123 NA NA NA NA NA NA 525 0 186 NA NA NA NA NA NA 1246 242 619 NA NA NA NA NA NA 2108 573 833 NA NA NA NA NA NA
1541890800.0 250407.0 287 0 117 NA NA NA NA NA NA 517 0 187 NA NA NA NA NA NA 1323 229 660 NA NA NA NA NA NA 1532 542 1122 NA NA NA NA NA NA
1541890800.0 250408.0 372 0 126 NA NA NA NA NA NA 520 0 190 NA NA NA NA NA NA 1520 253 644 NA NA NA NA NA NA 1970 328 662 NA NA NA NA NA NA
1541890800.0 250409.0 381 0 126 NA NA NA NA NA NA 523 0 192 NA NA NA NA NA NA 1756 259 752 NA NA NA NA NA NA 1424 357 689 NA NA NA NA NA NA
1541890800.0 25200.0 NA 273 557 0 NA NA NA NA NA NA 408 763 0 NA NA NA NA NA NA 2538 3159 752 NA NA NA NA NA NA 1513 2169 825 NA NA NA NA NA
1541890800.0 25202.0 NA 288 538 0 NA NA NA NA NA NA 427 811 0 NA NA NA NA NA NA 2416 3345 778 NA NA NA NA NA NA 1509 2106 857 NA NA NA NA NA
1541890800.0 25203.0 NA 271 561 0 NA NA NA NA NA NA 416 805 0 NA NA NA NA NA NA 2559 3240 767 NA NA NA NA NA NA 1542 2101 838 NA NA NA NA NA
1541890800.0 25204.0 NA 267 563 0 NA NA NA NA NA NA 415 789 0 NA NA NA NA NA NA 2482 3194 761 NA NA NA NA NA NA 1516 2203 813 NA NA NA NA NA
1541890800.0 25205.0 NA 274 555 0 NA NA NA NA NA NA 422 791 0 NA NA NA NA NA NA 2452 3303 786 NA NA NA NA NA NA 3490 2151 845 NA NA NA NA NA
1541890800.0 25206.0 NA 273 584 0 NA NA NA NA NA NA 428 761 0 NA NA NA NA NA NA 2454 3339 770 NA NA NA NA NA NA 1201 2130 847 NA NA NA NA NA
1541890800.0 25207.0 NA 272 527 0 NA NA NA NA NA NA 412 738 0 NA NA NA NA NA NA 2312 2979 751 NA NA NA NA NA NA 1428 2460 825 NA NA NA NA NA
1541890800.0 25208.0 NA 279 588 0 NA NA NA NA NA NA 418 790 0 NA NA NA NA NA NA 2496 4252 777 NA NA NA NA NA NA 1672 2322 859 NA NA NA NA NA
1541890800.0 25209.0 NA 284 557 0 NA NA NA NA NA NA 404 753 0 NA NA NA NA NA NA 2497 3462 739 NA NA NA NA NA NA 1705 2174 793 NA NA NA NA NA
1541890800.0 25210.0 78 186 427 0 NA NA NA NA NA 194 397 536 0 NA NA NA NA NA 2154 710 1783 758 NA NA NA NA NA 2145 996 2917 845 NA NA NA NA NA
1541890800.0 25211.0 93 283 592 0 NA NA NA NA NA 227 400 775 0 NA NA NA NA NA 3344 2541 3448 784 NA NA NA NA NA 3209 1625 2066 863 NA NA NA NA NA
1541890800.0 25211.17 73 288 444 0 NA NA NA NA NA 205 424 601 0 NA NA NA NA NA 3527 2630 3244 1167 NA NA NA NA NA 2900 3403 1905 1229 NA NA NA NA NA
1541890800.0 25212.0 96 269 568 0 NA NA NA NA NA 227 408 731 0 NA NA NA NA NA 3737 2441 3120 743 NA NA NA NA NA 4001 1812 2231 794 NA NA NA NA NA
1541890800.0 25212.17 76 276 428 0 NA NA NA NA NA 205 433 603 0 NA NA NA NA NA 3822 2512 2779 1177 NA NA NA NA NA 3808 5437 1918 1226 NA NA NA NA NA
1541890800.0 25213.0 97 271 561 0 NA NA NA NA NA 229 417 774 0 NA NA NA NA NA 4501 2320 3236 756 NA NA NA NA NA 3918 1143 2070 814 NA NA NA NA NA
1541890800.0 25213.17 75 286 453 0 NA NA NA NA NA 205 414 589 0 NA NA NA NA NA 4463 2574 3209 1171 NA NA NA NA NA 3777 5167 1965 1332 NA NA NA NA NA
1541890800.0 25214.0 NA 269 568 0 NA NA NA NA NA NA 414 749 0 NA NA NA NA NA NA 2578 3219 763 NA NA NA NA NA NA 1572 2115 819 NA NA NA NA NA
1541890800.0 25400.0 493 0 126 NA NA NA NA NA NA 613 0 188 NA NA NA NA NA NA 2577 235 573 NA NA NA NA NA NA 7159 283 609 NA NA NA NA NA NA
1541890800.0 25403.0 501 0 127 NA NA NA NA NA NA 631 0 191 NA NA NA NA NA NA 2851 238 593 NA NA NA NA NA NA 1743 286 642 NA NA NA NA NA NA
1541890800.0 25405.0 508 0 127 NA NA NA NA NA NA 621 0 190 NA NA NA NA NA NA 2904 237 580 NA NA NA NA NA NA 6983 421 666 NA NA NA NA NA NA
1541890800.0 25406.0 490 0 124 NA NA NA NA NA NA 601 0 186 NA NA NA NA NA NA 2159 219 524 NA NA NA NA NA NA 5156 278 617 NA NA NA NA NA NA
1541890800.0 25407.0 416 0 119 NA NA NA NA NA NA 566 0 188 NA NA NA NA NA NA 3463 255 628 NA NA NA NA NA NA 5482 346 684 NA NA NA NA NA NA
1541890800.0 25408.0 479 0 120 NA NA NA NA NA NA 622 0 190 NA NA NA NA NA NA 4360 270 797 NA NA NA NA NA NA 5984 337 1169 NA NA NA NA NA NA
1541890800.0 25409.0 489 0 120 NA NA NA NA NA NA 627 0 189 NA NA NA NA NA NA 3614 265 656 NA NA NA NA NA NA 2133 505 689 NA NA NA NA NA NA
1541890800.0 26.0 NA 122 286 0 NA NA NA NA NA NA 371 419 0 NA NA NA NA NA NA 3047 2475 499 NA NA NA NA NA NA 3196 2166 588 NA NA NA NA NA
1541890800.0 27.0 NA 126 281 0 NA NA NA NA NA NA 371 379 0 NA NA NA NA NA NA 1939 2288 497 NA NA NA NA NA NA 1011 1731 570 NA NA NA NA NA
1541890800.0 28.0 NA 130 283 0 NA NA NA NA NA NA 371 382 0 NA NA NA NA NA NA 2165 3007 505 NA NA NA NA NA NA 1390 2005 611 NA NA NA NA NA
1541890800.0 280.0 120 100 254 0 NA NA NA NA NA 257 370 344 0 NA NA NA NA NA 4460 582 1920 682 NA NA NA NA NA 2918 638 2288 1086 NA NA NA NA NA
1541890800.0 281.0 123 138 288 0 NA NA NA NA NA 272 382 398 0 NA NA NA NA NA 2530 564 1652 1064 NA NA NA NA NA 1859 646 3119 2026 NA NA NA NA NA
1541890800.0 29.0 NA 122 292 0 NA NA NA NA NA NA 378 425 0 NA NA NA NA NA NA 1960 2537 491 NA NA NA NA NA NA 1473 2656 568 NA NA NA NA NA
1541890800.0 3.0 88 99 182 NA NA NA NA NA NA 173 370 286 NA NA NA NA NA NA 5700 546 1237 NA NA NA NA NA NA 2917 634 1812 NA NA NA NA NA NA
1541890800.0 30.0 NA 124 277 0 NA NA NA NA NA NA 371 389 0 NA NA NA NA NA NA 1982 2647 527 NA NA NA NA NA NA 1005 2029 627 NA NA NA NA NA
1541890800.0 300.0 64 135 253 0 NA NA NA NA NA 130 400 378 0 NA NA NA NA NA 1054 581 1278 467 NA NA NA NA NA 805 2586 3219 558 NA NA NA NA NA
1541890800.0 301.0 64 141 261 0 NA NA NA NA NA 132 400 385 0 NA NA NA NA NA 1685 992 1292 498 NA NA NA NA NA 5472 1221 2522 634 NA NA NA NA NA
1541890800.0 302.0 65 143 264 0 NA NA NA NA NA 132 400 406 0 NA NA NA NA NA 1621 1000 1691 562 NA NA NA NA NA 2099 3387 2378 982 NA NA NA NA NA
1541890800.0 31.0 NA 123 281 0 NA NA NA NA NA NA 378 385 0 NA NA NA NA NA NA 2037 2387 504 NA NA NA NA NA NA 2917 2025 570 NA NA NA NA NA
1541890800.0 32.0 NA 118 280 0 NA NA NA NA NA NA 371 380 0 NA NA NA NA NA NA 2153 2636 506 NA NA NA NA NA NA 1255 2198 586 NA NA NA NA NA
1541890800.0 33.0 NA 123 279 0 NA NA NA NA NA NA 371 384 0 NA NA NA NA NA NA 1893 2237 512 NA NA NA NA NA NA 1023 1883 596 NA NA NA NA NA
1541890800.0 34.0 97 97 257 0 NA NA NA NA NA 192 370 351 0 NA NA NA NA NA 3335 492 1404 478 NA NA NA NA NA 1928 519 1551 579 NA NA NA NA NA
1541890800.0 35.0 NA 125 280 0 NA NA NA NA NA NA 371 383 0 NA NA NA NA NA NA 2063 2691 513 NA NA NA NA NA NA 1362 2040 599 NA NA NA NA NA
1541890800.0 36.0 NA 116 289 0 NA NA NA NA NA NA 371 381 0 NA NA NA NA NA NA 2188 7681 528 NA NA NA NA NA NA 1622 3440 608 NA NA NA NA NA
1541890800.0 37.0 NA 121 283 0 NA NA NA NA NA NA 378 380 0 NA NA NA NA NA NA 2307 3540 522 NA NA NA NA NA NA 1116 2320 616 NA NA NA NA NA
1541890800.0 38.0 NA 121 292 0 NA NA NA NA NA NA 371 394 0 NA NA NA NA NA NA 2253 3275 516 NA NA NA NA NA NA 1558 2261 601 NA NA NA NA NA
1541890800.0 39.0 NA 122 292 0 NA NA NA NA NA NA 371 383 0 NA NA NA NA NA NA 2488 5262 529 NA NA NA NA NA NA 1649 3142 619 NA NA NA NA NA
1541890800.0 4.17 NA 29 271 0 155 NA NA NA NA NA 78 358 0 249 NA NA NA NA NA 238 2830 579 1162 NA NA NA NA NA 521 2479 831 3326 NA NA NA NA
1541890800.0 4.22 NA 149 62 70 0 NA NA NA NA NA 229 110 125 0 NA NA NA NA NA 1067 272 355 252 NA NA NA NA NA 1398 1030 661 516 NA NA NA NA
1541890800.0 4.23 NA 64 276 0 NA NA NA NA NA NA 116 371 0 NA NA NA NA NA NA 410 2786 811 NA NA NA NA NA NA 658 2618 1084 NA NA NA NA NA
1541890800.0 4.24 NA 61 279 0 NA NA NA NA NA NA 105 377 0 NA NA NA NA NA NA 377 2868 669 NA NA NA NA NA NA 593 2193 957 NA NA NA NA NA
1541890800.0 4.25 NA 62 283 0 NA NA NA NA NA NA 107 366 0 NA NA NA NA NA NA 357 2820 691 NA NA NA NA NA NA 343 2723 1421 NA NA NA NA NA
1541890800.0 4.26 NA 55 282 0 NA NA NA NA NA NA 104 365 0 NA NA NA NA NA NA 359 3259 732 NA NA NA NA NA NA 504 2882 1078 NA NA NA NA NA
1541890800.0 4.27 NA 58 286 0 NA NA NA NA NA NA 109 364 0 NA NA NA NA NA NA 387 3438 772 NA NA NA NA NA NA 2354 2545 1459 NA NA NA NA NA
1541890800.0 4.28 NA 71 273 0 NA NA NA NA NA NA 119 355 0 NA NA NA NA NA NA 325 2504 2398 NA NA NA NA NA NA 1253 2704 2980 NA NA NA NA NA
1541890800.0 4.29 NA 31 282 0 160 NA NA NA NA NA 82 372 0 257 NA NA NA NA NA 323 3111 625 1233 NA NA NA NA NA 757 2801 742 1406 NA NA NA NA
1541890800.0 4.34 NA 62 289 0 NA NA NA NA NA NA 117 366 0 NA NA NA NA NA NA 414 3273 774 NA NA NA NA NA NA 683 2646 965 NA NA NA NA NA
1541890800.0 4.36 NA 63 288 0 NA NA NA NA NA NA 107 376 0 NA NA NA NA NA NA 359 3514 633 NA NA NA NA NA NA 548 2581 709 NA NA NA NA NA
1541890800.0 4.37 NA 62 291 0 NA NA NA NA NA NA 106 374 0 NA NA NA NA NA NA 369 4089 670 NA NA NA NA NA NA 541 2625 737 NA NA NA NA NA
1541890800.0 4.4 NA 37 302 0 NA NA NA NA NA NA 81 379 0 NA NA NA NA NA NA 255 3405 626 NA NA NA NA NA NA 564 1947 773 NA NA NA NA NA
1541890800.0 4.41 NA 35 294 0 NA NA NA NA NA NA 79 380 0 NA NA NA NA NA NA 241 4925 625 NA NA NA NA NA NA 401 2905 713 NA NA NA NA NA
1541890800.0 4.42 NA 28 304 0 NA NA NA NA NA NA 80 393 0 NA NA NA NA NA NA 295 5819 628 NA NA NA NA NA NA 476 3117 735 NA NA NA NA NA
1541890800.0 4.43 NA 32 292 0 NA NA NA NA NA NA 84 371 0 NA NA NA NA NA NA 240 3511 620 NA NA NA NA NA NA 494 2342 735 NA NA NA NA NA
1541890800.0 4.44 NA 30 303 0 NA NA NA NA NA NA 79 377 0 NA NA NA NA NA NA 234 4341 603 NA NA NA NA NA NA 279 2267 846 NA NA NA NA NA
1541890800.0 4.45 NA 29 297 0 NA NA NA NA NA NA 80 390 0 NA NA NA NA NA NA 238 6135 620 NA NA NA NA NA NA 614 3034 930 NA NA NA NA NA
1541890800.0 4.51 NA 32 301 0 NA NA NA NA NA NA 81 390 0 NA NA NA NA NA NA 253 5278 616 NA NA NA NA NA NA 305 2674 731 NA NA NA NA NA
1541890800.0 4.52 NA 34 299 0 NA NA NA NA NA NA 81 394 0 NA NA NA NA NA NA 257 6494 631 NA NA NA NA NA NA 597 3428 1093 NA NA NA NA NA
1541890800.0 4.53 NA 34 306 0 NA NA NA NA NA NA 83 394 0 NA NA NA NA NA NA 281 6185 619 NA NA NA NA NA NA 365 3743 773 NA NA NA NA NA
1541890800.0 4.54 NA 37 296 0 NA NA NA NA NA NA 80 397 0 NA NA NA NA NA NA 252 6221 617 NA NA NA NA NA NA 236 3692 725 NA NA NA NA NA
1541890800.0 4.55 NA 29 306 0 NA NA NA NA NA NA 82 391 0 NA NA NA NA NA NA 268 7409 615 NA NA NA NA NA NA 628 3906 820 NA NA NA NA NA
1541890800.0 4.57 NA 54 312 0 NA NA NA NA NA NA 103 400 0 NA NA NA NA NA NA 357 7291 643 NA NA NA NA NA NA 919 3565 736 NA NA NA NA NA
1541890800.0 4.58 NA 49 295 0 NA NA NA NA NA NA 98 379 0 NA NA NA NA NA NA 347 4571 625 NA NA NA NA NA NA 592 2926 852 NA NA NA NA NA
1541890800.0 4.6 NA 298 0 NA NA NA NA NA NA NA 396 0 NA NA NA NA NA NA NA 4097 617 NA NA NA NA NA NA NA 3946 759 NA NA NA NA NA NA
1541890800.0 4.61 NA 31 305 0 NA NA NA NA NA NA 80 407 0 NA NA NA NA NA NA 248 6183 614 NA NA NA NA NA NA 327 3185 699 NA NA NA NA NA
1541890800.0 4.62 NA 27 300 0 NA NA NA NA NA NA 80 386 0 NA NA NA NA NA NA 233 6007 631 NA NA NA NA NA NA 2178 3186 766 NA NA NA NA NA
1541890800.0 4.63 NA 30 309 0 NA NA NA NA NA NA 81 402 0 NA NA NA NA NA NA 275 6794 611 NA NA NA NA NA NA 645 3833 996 NA NA NA NA NA
1541890800.0 4.64 NA 35 306 0 NA NA NA NA NA NA 81 398 0 NA NA NA NA NA NA 255 6451 614 NA NA NA NA NA NA 670 3303 716 NA NA NA NA NA
1541890800.0 4.65 NA 28 316 0 NA NA NA NA NA NA 80 409 0 NA NA NA NA NA NA 269 8937 618 NA NA NA NA NA NA 2714 4283 819 NA NA NA NA NA
1541890800.0 4.67 NA 59 317 0 NA NA NA NA NA NA 106 405 0 NA NA NA NA NA NA 340 7280 631 NA NA NA NA NA NA 538 3410 797 NA NA NA NA NA
1541890800.0 4.68 NA 43 303 0 NA NA NA NA NA NA 96 390 0 NA NA NA NA NA NA 328 5776 606 NA NA NA NA NA NA 2302 2959 841 NA NA NA NA NA
1541890800.0 4.71 NA 34 293 0 NA NA NA NA NA NA 80 386 0 NA NA NA NA NA NA 283 4737 614 NA NA NA NA NA NA 502 2912 705 NA NA NA NA NA
1541890800.0 4.72 NA 30 293 0 NA NA NA NA NA NA 82 397 0 NA NA NA NA NA NA 265 5571 612 NA NA NA NA NA NA 608 3165 833 NA NA NA NA NA
1541890800.0 4.73 NA 36 304 0 NA NA NA NA NA NA 84 397 0 NA NA NA NA NA NA 273 6504 622 NA NA NA NA NA NA 784 3274 711 NA NA NA NA NA
1541890800.0 4.74 NA 38 300 0 NA NA NA NA NA NA 83 384 0 NA NA NA NA NA NA 294 5612 609 NA NA NA NA NA NA 515 3138 944 NA NA NA NA NA
1541890800.0 4.75 NA 34 304 0 NA NA NA NA NA NA 80 387 0 NA NA NA NA NA NA 262 6353 613 NA NA NA NA NA NA 631 3287 977 NA NA NA NA NA
1541890800.0 4.76 NA 58 310 0 NA NA NA NA NA NA 108 403 0 NA NA NA NA NA NA 367 7114 625 NA NA NA NA NA NA 789 3357 700 NA NA NA NA NA
1541890800.0 4.77 NA 63 310 0 NA NA NA NA NA NA 107 415 0 NA NA NA NA NA NA 366 8078 611 NA NA NA NA NA NA 1295 4489 1016 NA NA NA NA NA
1541890800.0 4.78 NA 44 309 0 NA NA NA NA NA NA 102 400 0 NA NA NA NA NA NA 297 6881 600 NA NA NA NA NA NA 776 3868 701 NA NA NA NA NA
1541890800.0 4000.0 NA 131 290 NA NA NA NA NA NA NA 378 378 NA NA NA NA NA NA NA 2575 4339 NA NA NA NA NA NA NA 1272 3304 NA NA NA NA NA NA
1541890800.0 4001.0 NA 178 370 NA NA NA NA NA NA NA 389 472 NA NA NA NA NA NA NA 1124 2702 NA NA NA NA NA NA NA 982 2263 NA NA NA NA NA NA
1541890800.0 4002.0 NA 131 277 NA NA NA NA NA NA NA 378 385 NA NA NA NA NA NA NA 2161 2904 NA NA NA NA NA NA NA 1197 2431 NA NA NA NA NA NA
1541890800.0 4003.0 NA 125 274 NA NA NA NA NA NA NA 378 374 NA NA NA NA NA NA NA 2200 3136 NA NA NA NA NA NA NA 3267 2653 NA NA NA NA NA NA
1541890800.0 4006.0 66 156 322 NA NA NA NA NA NA 135 379 435 NA NA NA NA NA NA 2413 846 2221 NA NA NA NA NA NA 2906 991 4571 NA NA NA NA NA NA
1541890800.0 4007.0 61 106 268 NA NA NA NA NA NA 122 386 384 NA NA NA NA NA NA 1695 738 1687 NA NA NA NA NA NA 1710 2785 1984 NA NA NA NA NA NA
1541890800.0 4008.0 59 97 256 NA NA NA NA NA NA 116 387 373 NA NA NA NA NA NA 1163 392 1695 NA NA NA NA NA NA 1191 800 4206 NA NA NA NA NA NA
1541890800.0 43.0 NA 122 281 0 NA NA NA NA NA NA 378 391 0 NA NA NA NA NA NA 2001 2943 524 NA NA NA NA NA NA 1306 2706 608 NA NA NA NA NA
1541890800.0 44.0 NA 118 279 0 NA NA NA NA NA NA 371 381 0 NA NA NA NA NA NA 2108 2682 509 NA NA NA NA NA NA 1311 1940 613 NA NA NA NA NA
1541890800.0 45.0 NA 98 282 0 NA NA NA NA NA NA 371 374 0 NA NA NA NA NA NA 2016 2729 513 NA NA NA NA NA NA 3326 1948 579 NA NA NA NA NA
1541890800.0 5.1 288 0 NA NA NA NA NA NA NA 491 0 NA NA NA NA NA NA NA 1295 255 NA NA NA NA NA NA NA 1902 580 NA NA NA NA NA NA NA
1541890800.0 5.2 218 0 NA NA NA NA NA NA NA 483 0 NA NA NA NA NA NA NA 1099 238 NA NA NA NA NA NA NA 1814 600 NA NA NA NA NA NA NA
1541890800.0 5.3 229 0 NA NA NA NA NA NA NA 498 0 NA NA NA NA NA NA NA 1101 241 NA NA NA NA NA NA NA 1605 613 NA NA NA NA NA NA NA
1541890800.0 5.4 281 0 NA NA NA NA NA NA NA 491 0 NA NA NA NA NA NA NA 1199 246 NA NA NA NA NA NA NA 1515 388 NA NA NA NA NA NA NA
1541890800.0 5.5 285 0 NA NA NA NA NA NA NA 491 0 NA NA NA NA NA NA NA 1181 252 NA NA NA NA NA NA NA 1769 637 NA NA NA NA NA NA NA
1541890800.0 5.6 301 0 NA NA NA NA NA NA NA 491 0 NA NA NA NA NA NA NA 1255 250 NA NA NA NA NA NA NA 1622 781 NA NA NA NA NA NA NA
1541890800.0 5.7 274 0 NA NA NA NA NA NA NA 490 0 NA NA NA NA NA NA NA 1171 249 NA NA NA NA NA NA NA 1662 388 NA NA NA NA NA NA NA
1541890800.0 500199.0 205 NA NA NA NA NA NA NA NA 401 NA NA NA NA NA NA NA NA 2380 NA NA NA NA NA NA NA NA 1422 NA NA NA NA NA NA NA NA
1541890800.0 500200.0 NA 185 314 0 NA NA NA NA NA NA 398 416 0 NA NA NA NA NA NA 7041 2471 547 NA NA NA NA NA NA 5357 2655 944 NA NA NA NA NA
1541890800.0 500200.1 83 179 228 NA NA NA NA NA NA 156 400 316 NA NA NA NA NA NA 2344 1107 1893 NA NA NA NA NA NA 1706 1315 2621 NA NA NA NA NA NA
1541890800.0 500202.0 NA 188 320 0 NA NA NA NA NA NA 403 426 0 NA NA NA NA NA NA 7585 2694 556 NA NA NA NA NA NA 5137 2182 639 NA NA NA NA NA
1541890800.0 500203.0 NA 188 324 0 NA NA NA NA NA NA 408 435 0 NA NA NA NA NA NA 7030 2628 548 NA NA NA NA NA NA 3415 2132 631 NA NA NA NA NA
1541890800.0 500204.0 NA 184 315 0 NA NA NA NA NA NA 398 418 0 NA NA NA NA NA NA 6955 2541 549 NA NA NA NA NA NA 7978 1921 643 NA NA NA NA NA
1541890800.0 500205.0 NA 187 314 0 NA NA NA NA NA NA 403 435 0 NA NA NA NA NA NA 7122 2561 546 NA NA NA NA NA NA 3109 2376 652 NA NA NA NA NA
1541890800.0 500206.0 NA 189 315 0 NA NA NA NA NA NA 403 422 0 NA NA NA NA NA NA 7017 2432 559 NA NA NA NA NA NA 3408 1974 646 NA NA NA NA NA
1541890800.0 500207.0 NA 185 307 0 NA NA NA NA NA NA 395 417 0 NA NA NA NA NA NA 6525 2230 532 NA NA NA NA NA NA 3408 2177 829 NA NA NA NA NA
1541890800.0 50200.0 NA 184 408 0 NA NA NA NA NA NA 383 580 0 NA NA NA NA NA NA 1711 2976 548 NA NA NA NA NA NA 1255 2356 710 NA NA NA NA NA
1541890800.0 50202.0 NA 188 409 0 NA NA NA NA NA NA 383 571 0 NA NA NA NA NA NA 1598 3020 539 NA NA NA NA NA NA 1210 2049 622 NA NA NA NA NA
1541890800.0 50203.0 NA 188 402 0 NA NA NA NA NA NA 391 546 0 NA NA NA NA NA NA 1549 2742 555 NA NA NA NA NA NA 1059 2154 738 NA NA NA NA NA
1541890800.0 50204.0 NA 189 423 0 NA NA NA NA NA NA 383 579 0 NA NA NA NA NA NA 1637 3096 536 NA NA NA NA NA NA 1163 2643 942 NA NA NA NA NA
1541890800.0 50205.0 NA 188 394 0 NA NA NA NA NA NA 390 576 0 NA NA NA NA NA NA 1653 2744 533 NA NA NA NA NA NA 1283 2649 887 NA NA NA NA NA
1541890800.0 50206.0 NA 185 409 0 NA NA NA NA NA NA 390 563 0 NA NA NA NA NA NA 1711 2881 552 NA NA NA NA NA NA 1264 3133 1938 NA NA NA NA NA
1541890800.0 50207.0 NA 186 415 0 NA NA NA NA NA NA 383 555 0 NA NA NA NA NA NA 1605 2765 531 NA NA NA NA NA NA 1128 2200 594 NA NA NA NA NA
1541890800.0 50208.0 NA 188 423 0 NA NA NA NA NA NA 383 573 0 NA NA NA NA NA NA 1744 3775 570 NA NA NA NA NA NA 1535 2339 713 NA NA NA NA NA
1541890800.0 503.0 33 0 NA NA NA NA NA NA NA 77 0 NA NA NA NA NA NA NA 199 143 NA NA NA NA NA NA NA 621 233 NA NA NA NA NA NA NA
1541890800.0 504.0 40 0 NA NA NA NA NA NA NA 77 0 NA NA NA NA NA NA NA 239 150 NA NA NA NA NA NA NA 394 256 NA NA NA NA NA NA NA
1541890800.0 505.0 33 0 NA NA NA NA NA NA NA 77 0 NA NA NA NA NA NA NA 235 122 NA NA NA NA NA NA NA 749 533 NA NA NA NA NA NA NA
1541890800.0 506.0 40 0 NA NA NA NA NA NA NA 77 0 NA NA NA NA NA NA NA 253 155 NA NA NA NA NA NA NA 811 330 NA NA NA NA NA NA NA
1541890800.0 507.0 32 0 NA NA NA NA NA NA NA 76 0 NA NA NA NA NA NA NA 191 163 NA NA NA NA NA NA NA 466 445 NA NA NA NA NA NA NA
1541890800.0 508.0 32 0 NA NA NA NA NA NA NA 76 0 NA NA NA NA NA NA NA 218 155 NA NA NA NA NA NA NA 785 264 NA NA NA NA NA NA NA
1541890800.0 509.0 38 0 NA NA NA NA NA NA NA 74 0 NA NA NA NA NA NA NA 215 145 NA NA NA NA NA NA NA 691 271 NA NA NA NA NA NA NA
1541890800.0 510.0 34 0 NA NA NA NA NA NA NA 77 0 NA NA NA NA NA NA NA 262 126 NA NA NA NA NA NA NA 485 845 NA NA NA NA NA NA NA
1541890800.0 511.0 43 0 NA NA NA NA NA NA NA 82 0 NA NA NA NA NA NA NA 10614 152 NA NA NA NA NA NA NA 14175 251 NA NA NA NA NA NA NA
1541890800.0 512.0 16 41 0 NA NA NA NA NA NA 138 79 0 NA NA NA NA NA NA 3111 173 144 NA NA NA NA NA NA 17167 414 266 NA NA NA NA NA NA
1541890800.0 513.0 17 38 0 NA NA NA NA NA NA 138 80 0 NA NA NA NA NA NA 887 235 148 NA NA NA NA NA NA 1687 639 223 NA NA NA NA NA NA
1541890800.0 514.0 16 41 0 NA NA NA NA NA NA 138 79 0 NA NA NA NA NA NA 544 284 140 NA NA NA NA NA NA 1415 729 243 NA NA NA NA NA NA
1541890800.0 515.0 16 35 0 NA NA NA NA NA NA 138 78 0 NA NA NA NA NA NA 3318 164 157 NA NA NA NA NA NA 21978 619 351 NA NA NA NA NA NA
1541890800.0 516.0 17 37 0 NA NA NA NA NA NA 138 80 0 NA NA NA NA NA NA 958 175 157 NA NA NA NA NA NA 3113 416 305 NA NA NA NA NA NA
1541890800.0 517.0 16 42 0 NA NA NA NA NA NA 138 79 0 NA NA NA NA NA NA 2372 174 146 NA NA NA NA NA NA 3531 407 283 NA NA NA NA NA NA
1541890800.0 518.0 16 34 0 NA NA NA NA NA NA 138 78 0 NA NA NA NA NA NA 3423 236 152 NA NA NA NA NA NA 28692 697 347 NA NA NA NA NA NA
1541890800.0 519.0 16 39 0 NA NA NA NA NA NA 138 80 0 NA NA NA NA NA NA 899 232 150 NA NA NA NA NA NA 1778 637 306 NA NA NA NA NA NA
1541890800.0 520.0 16 35 0 NA NA NA NA NA NA 138 79 0 NA NA NA NA NA NA 2413 176 149 NA NA NA NA NA NA 3837 473 223 NA NA NA NA NA NA
1541890800.0 521.0 16 35 0 NA NA NA NA NA NA 138 80 0 NA NA NA NA NA NA 932 239 154 NA NA NA NA NA NA 1793 722 310 NA NA NA NA NA NA
1541890800.0 522.0 16 40 0 NA NA NA NA NA NA 138 78 0 NA NA NA NA NA NA 3342 208 148 NA NA NA NA NA NA 28692 512 271 NA NA NA NA NA NA
1541890800.0 523.0 16 50 0 NA NA NA NA NA NA 138 91 0 NA NA NA NA NA NA 1276 204 157 NA NA NA NA NA NA 2426 459 336 NA NA NA NA NA NA
1541890800.0 524.0 16 42 0 NA NA NA NA NA NA 138 80 0 NA NA NA NA NA NA 2606 190 157 NA NA NA NA NA NA 4567 322 358 NA NA NA NA NA NA
1541890800.0 525.0 16 41 0 NA NA NA NA NA NA 138 80 0 NA NA NA NA NA NA 932 183 156 NA NA NA NA NA NA 2145 613 337 NA NA NA NA NA NA
1541890800.0 526.0 17 35 0 NA NA NA NA NA NA 138 78 0 NA NA NA NA NA NA 3406 163 161 NA NA NA NA NA NA 28693 232 447 NA NA NA NA NA NA
1541890800.0 527.0 16 41 0 NA NA NA NA NA NA 138 80 0 NA NA NA NA NA NA 2356 236 158 NA NA NA NA NA NA 4656 508 287 NA NA NA NA NA NA
1541890800.0 528.0 16 41 0 NA NA NA NA NA NA 138 80 0 NA NA NA NA NA NA 942 177 146 NA NA NA NA NA NA 2844 635 233 NA NA NA NA NA NA
1541890800.0 529.0 17 34 0 NA NA NA NA NA NA 138 79 0 NA NA NA NA NA NA 3338 179 155 NA NA NA NA NA NA 22030 579 365 NA NA NA NA NA NA
1541890800.0 530.0 16 35 0 NA NA NA NA NA NA 138 79 0 NA NA NA NA NA NA 2360 181 147 NA NA NA NA NA NA 3611 597 275 NA NA NA NA NA NA
1541890800.0 531.0 67 0 NA NA NA NA NA NA NA 185 0 NA NA NA NA NA NA NA 310 146 NA NA NA NA NA NA NA 718 288 NA NA NA NA NA NA NA
1541890800.0 534.0 37 0 NA NA NA NA NA NA NA 91 0 NA NA NA NA NA NA NA 271 150 NA NA NA NA NA NA NA 1069 500 NA NA NA NA NA NA NA
1541890800.0 541.0 49 0 NA NA NA NA NA NA NA 88 0 NA NA NA NA NA NA NA 247 152 NA NA NA NA NA NA NA 662 304 NA NA NA NA NA NA NA
1541890800.0 545.0 40 0 NA NA NA NA NA NA NA 86 0 NA NA NA NA NA NA NA 193 151 NA NA NA NA NA NA NA 605 362 NA NA NA NA NA NA NA
1541890800.0 551.0 16 37 0 NA NA NA NA NA NA 138 80 0 NA NA NA NA NA NA 1137 184 119 NA NA NA NA NA NA 1939 495 188 NA NA NA NA NA NA
1541890800.0 552.0 16 41 0 NA NA NA NA NA NA 138 79 0 NA NA NA NA NA NA 1670 176 116 NA NA NA NA NA NA 3056 290 378 NA NA NA NA NA NA
1541890800.0 554.0 16 37 0 NA NA NA NA NA NA 138 80 0 NA NA NA NA NA NA 2553 183 124 NA NA NA NA NA NA 3181 527 1084 NA NA NA NA NA NA
1541890800.0 555.0 16 40 0 NA NA NA NA NA NA 138 78 0 NA NA NA NA NA NA 1211 175 116 NA NA NA NA NA NA 1377 444 390 NA NA NA NA NA NA
1541890800.0 556.0 16 40 0 NA NA NA NA NA NA 138 80 0 NA NA NA NA NA NA 500 186 114 NA NA NA NA NA NA 2078 382 256 NA NA NA NA NA NA
1541890800.0 560.0 40 0 NA NA NA NA NA NA NA 77 0 NA NA NA NA NA NA NA 182 113 NA NA NA NA NA NA NA 493 217 NA NA NA NA NA NA NA
1541890800.0 561.0 40 0 NA NA NA NA NA NA NA 78 0 NA NA NA NA NA NA NA 184 119 NA NA NA NA NA NA NA 651 233 NA NA NA NA NA NA NA
1541890800.0 562.0 16 37 0 NA NA NA NA NA NA 138 80 0 NA NA NA NA NA NA 281 191 113 NA NA NA NA NA NA 867 291 458 NA NA NA NA NA NA
1541890800.0 6.0 NA 91 247 0 NA NA NA NA NA NA 378 341 0 NA NA NA NA NA NA 1607 1757 515 NA NA NA NA NA NA 789 1804 592 NA NA NA NA NA
1541890800.0 7.0 53 93 137 52 0 NA NA NA NA 102 368 207 97 0 NA NA NA NA 787 426 480 190 274 NA NA NA NA 1208 440 919 581 814 NA NA NA NA
1541890800.0 7.1 52 90 134 49 0 NA NA NA NA 102 361 220 96 0 NA NA NA NA 1309 598 458 199 237 NA NA NA NA 1120 480 1035 699 462 NA NA NA NA
1541890800.0 7.2 61 121 189 53 0 NA NA NA NA 109 379 280 98 0 NA NA NA NA 1021 487 599 356 501 NA NA NA NA 879 1128 1364 1028 645 NA NA NA NA
1541890800.0 7.3 54 105 173 52 0 NA NA NA NA 107 379 265 98 0 NA NA NA NA 1629 591 596 206 502 NA NA NA NA 1053 824 1362 660 574 NA NA NA NA
1541890800.0 7.4 57 118 189 61 0 NA NA NA NA 111 379 279 98 0 NA NA NA NA 969 491 603 207 502 NA NA NA NA 1092 906 1158 442 851 NA NA NA NA
1541890800.0 8.0 NA 97 132 47 0 NA NA NA NA NA 369 205 83 0 NA NA NA NA NA 1647 631 137 244 NA NA NA NA NA 1042 778 243 747 NA NA NA NA
1541890800.0 9.0 NA 119 285 0 NA NA NA NA NA NA 371 381 0 NA NA NA NA NA NA 2450 3708 576 NA NA NA NA NA NA 1050 2237 1068 NA NA NA NA NA
